r_coor, energy,   site, dn,      x,      y,      z, index
 3.708, -2.392,  Li_i1, 1D,  2.429,  2.802,  0.000,    80
 3.796, -2.385,   none, 1D,  2.429,  2.714,  0.000,    80
 3.883, -2.367,   none, 1D,  2.429,  2.626,  0.000,    80
 3.971, -2.337,   none, 1D,  2.429,  2.539,  0.000,    80
 4.058, -2.294,   none, 1D,  2.429,  2.451,  0.000,    80
 4.169, -2.234,   none, 1D,  2.497,  2.364,  0.000,    80
 4.312, -2.157,   none, 1D,  0.958,  2.276,  4.839,    80
 4.422, -2.073,   none, 1D,  1.025,  2.189,  4.839,    80
 4.565, -1.981,   none, 1D,  1.115,  2.101,  4.771,    80
 4.676, -1.899,   none, 1D,  1.183,  2.014,  4.771,    80
 4.819, -1.822,   none, 1D,  1.273,  1.926,  4.703,    80
 4.929, -1.770,   none, 1D,  1.340,  1.839,  4.703,    80
 5.040, -1.727,   none, 1D,  1.408,  1.751,  4.703,    80
 5.183, -1.714,   none, 1D,  1.498,  1.663,  4.635,    80
 5.293, -1.713, saddle, 1D,  1.566,  1.576,  4.635,    80
 5.404, -1.716,   none, 1D,  1.633,  1.488,  4.635,    80
 5.514, -1.717,  Li_i3, 1D,  1.700,  1.401,  4.635,    84
 5.582, -1.717, saddle, 1D,  1.768,  1.401,  4.635,    84
 5.649, -1.717,   none, 1D,  1.835,  1.401,  4.635,    84
 5.717, -1.720,   none, 1D,  1.903,  1.401,  4.635,    84
 5.784, -1.725,   none, 1D,  1.970,  1.401,  4.635,    84
 5.852, -1.734,   none, 1D,  2.038,  1.401,  4.635,    84
 5.933, -1.759,   none, 1D,  2.083,  1.401,  4.703,    84
 6.001, -1.789,   none, 1D,  2.150,  1.401,  4.703,    84
 6.068, -1.823,   none, 1D,  2.218,  1.401,  4.703,    84
 6.136, -1.859,   none, 1D,  2.285,  1.401,  4.703,    84
 6.203, -1.897,   none, 1D,  2.353,  1.401,  4.703,    84
 6.285, -1.945,   none, 1D,  2.397,  1.401,  4.771,    84
 6.352, -1.998,   none, 1D,  2.465,  1.401,  4.771,    84
 6.420, -2.048,   none, 1D,  2.532,  1.401,  4.771,    84
 6.487, -2.097,   none, 1D,  2.600,  1.401,  4.771,    84
 6.555, -2.142,   none, 1D,  2.667,  1.401,  4.771,    84
 6.636, -2.192,   none, 1D,  2.712,  1.401,  4.839,    84
 6.704, -2.237,   none, 1D,  2.780,  1.401,  4.839,    84
 6.771, -2.276,   none, 1D,  2.847,  1.401,  4.839,    84
 6.839, -2.310,   none, 1D,  2.915,  1.401,  4.839,    84
 6.906, -2.337,   none, 1D,  2.982,  1.401,  4.839,    84
 6.988, -2.360,   none, 1D,  4.656,  1.401,  0.000,    84
 7.055, -2.378,   none, 1D,  4.723,  1.401,  0.000,    84
 7.123, -2.388,   none, 1D,  4.791,  1.401,  0.000,    84
 7.190, -2.392,  Li_i1, 1D,  0.000,  1.401,  0.000,     8
 7.278, -2.385,   none, 1D,  0.000,  1.488,  0.000,     8
 7.365, -2.367,   none, 1D,  0.000,  1.576,  0.000,     8
 7.453, -2.337,   none, 1D,  0.000,  1.663,  0.000,     8
 7.540, -2.294,   none, 1D,  0.000,  1.751,  0.000,     8
 7.651, -2.234,   none, 1D,  0.067,  1.839,  0.000,     8
 7.794, -2.157,   none, 1D, -1.471,  1.926,  4.839,     8
 7.904, -2.073,   none, 1D, -1.404,  2.014,  4.839,     8
 8.047, -1.981,   none, 1D, -1.314,  2.101,  4.771,     8
 8.158, -1.899,   none, 1D, -1.246,  2.189,  4.771,     8
 8.301, -1.822,   none, 1D, -1.156,  2.276,  4.703,     8
 8.411, -1.770,   none, 1D, -1.089,  2.364,  4.703,     8
 8.522, -1.727,   none, 1D, -1.021,  2.451,  4.703,     8
 8.665, -1.714,   none, 1D, -0.931,  2.539,  4.635,     8
 8.775, -1.713, saddle, 1D, -0.864,  2.626,  4.635,     8
 8.886, -1.716,   none, 1D, -0.796,  2.714,  4.635,     8
 8.996, -1.717,  Li_i3, 1D, -0.729,  2.802,  4.635,    12
 9.064, -1.717, saddle, 1D, -0.661,  2.802,  4.635,    12
 9.131, -1.717,   none, 1D, -0.594,  2.802,  4.635,    12
 9.199, -1.720,   none, 1D, -0.526,  2.802,  4.635,    12
 9.266, -1.725,   none, 1D, -0.459,  2.802,  4.635,    12
 9.334, -1.734,   none, 1D, -0.391,  2.802,  4.635,    12
 9.415, -1.759,   none, 1D, -0.346,  2.802,  4.703,    12
 9.483, -1.789,   none, 1D, -0.279,  2.802,  4.703,    12
 9.550, -1.823,   none, 1D, -0.211,  2.802,  4.703,    12
 9.618, -1.859,   none, 1D, -0.144,  2.802,  4.703,    12
 9.685, -1.897,   none, 1D, -0.077,  2.802,  4.703,    12
 9.767, -1.945,   none, 1D, -0.032,  2.802,  4.771,    12
 9.834, -1.998,   none, 1D,  0.036,  2.802,  4.771,    12
 9.902, -2.048,   none, 1D,  0.103,  2.802,  4.771,    12
 9.969, -2.097,   none, 1D,  0.171,  2.802,  4.771,    12
10.037, -2.142,   none, 1D,  0.238,  2.802,  4.771,    12
10.118, -2.192,   none, 1D,  0.283,  2.802,  4.839,    12
10.186, -2.237,   none, 1D,  0.351,  2.802,  4.839,    12
10.253, -2.276,   none, 1D,  0.418,  2.802,  4.839,    12
10.321, -2.310,   none, 1D,  0.485,  2.802,  4.839,    12
10.388, -2.337,   none, 1D,  0.553,  2.802,  4.839,    12
10.470, -2.360,   none, 1D,  2.227,  2.802,  0.000,    12
10.537, -2.378,   none, 1D,  2.294,  2.802,  0.000,    12
10.605, -2.388,   none, 1D,  2.362,  2.802,  0.000,    12
13.351, -2.392,  Li_i1, 3D,  0.000,  1.401,  0.000,    30
13.422, -2.382,   none, 3D, -0.023,  1.401,  0.068,    30
13.504, -2.353,   none, 3D,  0.022,  1.401,  0.136,    30
13.576, -2.306,   none, 3D, -0.000,  1.401,  0.204,    30
13.648, -2.237,   none, 3D, -0.023,  1.401,  0.273,    30
13.729, -2.147,   none, 3D,  0.022,  1.401,  0.341,    30
13.801, -2.035,   none, 3D, -0.001,  1.401,  0.409,    30
13.873, -1.897,   none, 3D, -0.023,  1.401,  0.477,    30
13.954, -1.736,   none, 3D,  0.021,  1.401,  0.545,    30
14.026, -1.551,   none, 3D, -0.001,  1.401,  0.613,    30
14.098, -1.336,   none, 3D, -0.024,  1.401,  0.682,    30
14.180, -1.100,   none, 3D,  0.021,  1.401,  0.750,    30
14.251, -0.842,   none, 3D, -0.002,  1.401,  0.818,    30
14.323, -0.557,   none, 3D, -0.024,  1.401,  0.886,    30
14.405, -0.258,   none, 3D,  0.021,  1.401,  0.954,    30
14.477,  0.052,   none, 3D, -0.002,  1.401,  1.022,    30
14.548,  0.381,   none, 3D, -0.025,  1.401,  1.091,    30
14.630,  0.709,   none, 3D,  0.020,  1.401,  1.159,    30
14.702,  1.033,   none, 3D, -0.002,  1.401,  1.227,    30
14.774,  1.367,   none, 3D, -0.025,  1.401,  1.295,    30
14.855,  1.684,   none, 3D,  0.020,  1.401,  1.363,    30
14.927,  1.991,   none, 3D, -0.003,  1.401,  1.431,    30
14.999,  2.304,   none, 3D, -0.025,  1.401,  1.499,    30
15.080,  2.604,   none, 3D,  0.019,  1.401,  1.568,    30
15.152,  2.904,   none, 3D, -0.003,  1.401,  1.636,    30
15.224,  3.232,   none, 3D, -0.026,  1.401,  1.704,    30
15.306,  3.580,   none, 3D,  0.019,  1.401,  1.772,    30
15.377,  3.977,   none, 3D, -0.004,  1.401,  1.840,    30
15.459,  4.478,   none, 3D,  0.041,  1.401,  1.908,    30
15.579,  5.187,   none, 3D,  0.086,  1.488,  1.977,    30
15.698,  6.187,   none, 3D,  0.131,  1.576,  2.045,    30
15.818,  7.407,   none, 3D,  0.176,  1.663,  2.113,    30
15.938,  8.734,   none, 3D,  0.221,  1.751,  2.181,    30
16.057, 10.021,   none, 3D,  0.266,  1.839,  2.249,    30
16.177, 11.102,   none, 3D,  0.310,  1.926,  2.317,    30
16.297, 11.824,   none, 3D,  0.355,  2.014,  2.385,    30
16.416, 12.078, saddle, 3D,  0.400,  2.101,  2.454,    30
16.536, 11.824,   none, 3D,  0.445,  2.189,  2.522,    30
16.656, 11.102,   none, 3D,  0.490,  2.276,  2.590,    30
16.776, 10.021,   none, 3D,  0.535,  2.364,  2.658,    30
16.895,  8.734,   none, 3D,  0.580,  2.451,  2.726,    30
17.015,  7.407,   none, 3D,  0.624,  2.539,  2.794,    30
17.135,  6.187,   none, 3D,  0.669,  2.626,  2.863,    30
17.254,  5.187,   none, 3D,  0.714,  2.714,  2.931,    30
17.374,  4.478,   none, 3D,  0.759,  2.802,  2.999,    30
17.455,  3.977,   none, 3D,  0.804,  2.802,  3.067,    30
17.527,  3.580,   none, 3D,  0.781,  2.802,  3.135,    30
17.609,  3.232,   none, 3D,  0.826,  2.802,  3.203,    30
17.681,  2.904,   none, 3D,  0.803,  2.802,  3.272,    30
17.753,  2.604,   none, 3D,  0.781,  2.802,  3.340,    30
17.834,  2.304,   none, 3D,  0.826,  2.802,  3.408,    30
17.906,  1.991,   none, 3D,  0.803,  2.802,  3.476,    30
17.978,  1.684,   none, 3D,  0.780,  2.802,  3.544,    30
18.059,  1.367,   none, 3D,  0.825,  2.802,  3.612,    30
18.131,  1.033,   none, 3D,  0.803,  2.802,  3.680,    30
18.203,  0.709,   none, 3D,  0.780,  2.802,  3.749,    30
18.285,  0.381,   none, 3D,  0.825,  2.802,  3.817,    30
18.356,  0.052,   none, 3D,  0.802,  2.802,  3.885,    30
18.428, -0.258,   none, 3D,  0.780,  2.802,  3.953,    30
18.510, -0.557,   none, 3D,  0.824,  2.802,  4.021,    30
18.582, -0.842,   none, 3D,  0.802,  2.802,  4.089,    30
18.653, -1.100,   none, 3D,  0.779,  2.802,  4.158,    30
18.735, -1.336,   none, 3D,  0.824,  2.802,  4.226,    30
18.807, -1.551,   none, 3D,  0.801,  2.802,  4.294,    30
18.879, -1.736,   none, 3D,  0.779,  2.802,  4.362,    30
18.960, -1.897,   none, 3D,  0.824,  2.802,  4.430,    30
19.032, -2.035,   none, 3D,  0.801,  2.802,  4.498,    30
19.104, -2.147,   none, 3D,  0.778,  2.802,  4.566,    30
19.185, -2.237,   none, 3D,  0.823,  2.802,  4.635,    30
19.257, -2.306,   none, 3D,  0.801,  2.802,  4.703,    30
19.329, -2.353,   none, 3D,  0.778,  2.802,  4.771,    30
19.411, -2.382,   none, 3D,  0.823,  2.802,  4.839,    30
22.213, -2.392,  Li_i1, 0D,  2.429,  5.603,  0.000,    76
22.301, -2.386,   none, 0D,  2.429,  5.516,  0.000,    76
22.388, -2.370,   none, 0D,  2.429,  5.428,  0.000,    76
22.476, -2.341,   none, 0D,  2.429,  5.341,  0.000,    76
22.563, -2.300,   none, 0D,  2.429,  5.253,  0.000,    76
22.651, -2.247,   none, 0D,  2.429,  5.165,  0.000,    76
22.761, -2.178,   none, 0D,  2.497,  5.078,  0.000,    76
22.904, -2.098,   none, 0D,  0.958,  4.990,  4.839,    76
23.015, -2.012,   none, 0D,  1.025,  4.903,  4.839,    76
23.158, -1.930,   none, 0D,  1.115,  4.815,  4.771,    76
23.268, -1.854,   none, 0D,  1.183,  4.728,  4.771,    76
23.411, -1.798,   none, 0D,  1.273,  4.640,  4.703,    76
23.522, -1.758,   none, 0D,  1.340,  4.553,  4.703,    76
23.665, -1.732,   none, 0D,  1.431,  4.465,  4.635,    76
23.775, -1.732, saddle, 0D,  1.498,  4.377,  4.635,    76
23.886, -1.734,   none, 0D,  1.566,  4.290,  4.635,    76
23.973, -1.736,  Li_i2, 0D,  1.566,  4.202,  4.635,    75
24.061, -1.734,   none, 0D,  1.566,  4.115,  4.635,    75
24.171, -1.732, saddle, 0D,  1.498,  4.027,  4.635,    75
24.282, -1.732,   none, 0D,  1.431,  3.940,  4.635,    75
24.425, -1.758,   none, 0D,  1.340,  3.852,  4.703,    75
24.535, -1.798,   none, 0D,  1.273,  3.765,  4.703,    75
24.678, -1.854,   none, 0D,  1.183,  3.677,  4.771,    75
24.789, -1.930,   none, 0D,  1.115,  3.590,  4.771,    75
24.932, -2.012,   none, 0D,  1.025,  3.502,  4.839,    75
25.042, -2.098,   none, 0D,  0.958,  3.414,  4.839,    75
25.185, -2.178,   none, 0D,  2.497,  3.327,  0.000,    75
25.296, -2.247,   none, 0D,  2.429,  3.239,  0.000,    75
25.383, -2.300,   none, 0D,  2.429,  3.152,  0.000,    75
25.471, -2.341,   none, 0D,  2.429,  3.064,  0.000,    75
25.558, -2.370,   none, 0D,  2.429,  2.977,  0.000,    75
25.646, -2.386,   none, 0D,  2.429,  2.889,  0.000,    75
25.734, -2.392,  Li_i1, 0D,  2.429,  2.802,  0.000,    67
25.821, -2.386,   none, 0D,  2.429,  2.889,  0.000,    67
25.909, -2.370,   none, 0D,  2.429,  2.977,  0.000,    67
25.996, -2.341,   none, 0D,  2.429,  3.064,  0.000,    67
26.084, -2.300,   none, 0D,  2.429,  3.152,  0.000,    67
26.171, -2.247,   none, 0D,  2.429,  3.239,  0.000,    67
26.282, -2.178,   none, 0D,  2.362,  3.327,  0.000,    67
26.425, -2.098,   none, 0D,  2.272,  3.414,  0.068,    67
26.535, -2.012,   none, 0D,  2.204,  3.502,  0.068,    67
26.678, -1.930,   none, 0D,  2.114,  3.590,  0.136,    67
26.789, -1.854,   none, 0D,  2.047,  3.677,  0.136,    67
26.932, -1.798,   none, 0D,  1.956,  3.765,  0.204,    67
27.042, -1.758,   none, 0D,  1.889,  3.852,  0.204,    67
27.185, -1.732,   none, 0D,  1.799,  3.940,  0.273,    67
27.296, -1.732, saddle, 0D,  1.731,  4.027,  0.273,    67
27.406, -1.734,   none, 0D,  1.664,  4.115,  0.273,    67
27.494, -1.736,  Li_i2, 0D,  1.664,  4.202,  0.273,    68
27.581, -1.734,   none, 0D,  1.664,  4.290,  0.273,    68
27.692, -1.732, saddle, 0D,  1.731,  4.377,  0.273,    68
27.802, -1.732,   none, 0D,  1.799,  4.465,  0.273,    68
27.945, -1.758,   none, 0D,  1.889,  4.553,  0.204,    68
28.056, -1.798,   none, 0D,  1.956,  4.640,  0.204,    68
28.199, -1.854,   none, 0D,  2.047,  4.728,  0.136,    68
28.309, -1.930,   none, 0D,  2.114,  4.815,  0.136,    68
28.452, -2.012,   none, 0D,  2.204,  4.903,  0.068,    68
28.563, -2.098,   none, 0D,  2.272,  4.990,  0.068,    68
28.706, -2.178,   none, 0D,  2.362,  5.078,  0.000,    68
28.816, -2.247,   none, 0D,  2.429,  5.165,  0.000,    68
28.904, -2.300,   none, 0D,  2.429,  5.253,  0.000,    68
28.991, -2.341,   none, 0D,  2.429,  5.341,  0.000,    68
29.079, -2.370,   none, 0D,  2.429,  5.428,  0.000,    68
29.166, -2.386,   none, 0D,  2.429,  5.516,  0.000,    68
