r_coor, energy,   site, dn,      x,      y,      z, index
 4.904, -2.507,  Li_i1, 1D,  0.000,  2.868,  3.978,    10
 4.984, -2.499,   none, 1D,  0.000,  2.947,  3.978,    10
 5.099, -2.481,   none, 1D,  0.000,  3.027,  4.061,    10
 5.179, -2.453,   none, 1D,  0.000,  3.107,  4.061,    10
 5.293, -2.408,   none, 1D,  0.000,  3.186,  4.144,    10
 5.373, -2.361,   none, 1D,  0.000,  3.266,  4.144,    10
 5.488, -2.304,   none, 1D,  0.000,  3.346,  4.227,    10
 5.568, -2.244,   none, 1D,  0.000,  3.425,  4.227,    10
 5.683, -2.193,   none, 1D,  0.000,  3.505,  4.310,    10
 5.798, -2.154,   none, 1D,  0.000,  3.585,  4.393,    10
 5.913, -2.131,   none, 1D,  0.000,  3.664,  4.476,    10
 6.028, -2.130, saddle, 1D,  0.000,  3.744,  4.559,    10
 6.143, -2.151,   none, 1D,  0.000,  3.824,  4.641,    10
 6.258, -2.195,   none, 1D,  0.000,  3.903,  4.724,    10
 6.372, -2.254,   none, 1D,  0.000,  3.983,  4.807,    10
 6.452, -2.323,   none, 1D,  0.000,  4.063,  4.807,    10
 6.567, -2.391,   none, 1D,  0.000,  4.142,  4.890,    10
 6.647, -2.433,   none, 1D,  0.000,  4.222,  4.890,    10
 6.762, -2.453,  Li_i2, 1D,  0.000,  4.302,  4.973,    18
 6.877, -2.433,   none, 1D,  0.000,  4.381,  4.890,    18
 6.956, -2.391,   none, 1D,  0.000,  4.461,  4.890,    18
 7.071, -2.323,   none, 1D,  0.000,  4.541,  4.807,    18
 7.151, -2.254,   none, 1D,  0.000,  4.620,  4.807,    18
 7.266, -2.195,   none, 1D,  0.000,  4.700,  4.724,    18
 7.381, -2.151,   none, 1D,  0.000,  4.780,  4.641,    18
 7.496, -2.130, saddle, 1D,  0.000,  4.859,  4.559,    18
 7.611, -2.131,   none, 1D,  0.000,  4.939,  4.476,    18
 7.726, -2.154,   none, 1D,  0.000,  5.019,  4.393,    18
 7.841, -2.193,   none, 1D,  0.000,  5.098,  4.310,    18
 7.956, -2.244,   none, 1D,  0.000,  5.178,  4.227,    18
 8.035, -2.304,   none, 1D,  0.000,  5.258,  4.227,    18
 8.150, -2.361,   none, 1D,  0.000,  5.337,  4.144,    18
 8.230, -2.408,   none, 1D,  0.000,  5.417,  4.144,    18
 8.345, -2.453,   none, 1D,  0.000,  5.497,  4.061,    18
 8.425, -2.481,   none, 1D,  0.000,  5.576,  4.061,    18
 8.539, -2.499,   none, 1D,  0.000,  5.656,  3.978,    18
 8.619, -2.507,  Li_i1, 1D,  0.000,  0.000,  3.978,     0
 8.699, -2.499,   none, 1D,  0.000,  0.080,  3.978,     0
 8.814, -2.481,   none, 1D,  0.000,  0.159,  3.895,     0
 8.893, -2.453,   none, 1D,  0.000,  0.239,  3.895,     0
 9.008, -2.408,   none, 1D,  0.000,  0.319,  3.813,     0
 9.088, -2.361,   none, 1D,  0.000,  0.398,  3.813,     0
 9.203, -2.304,   none, 1D,  0.000,  0.478,  3.730,     0
 9.283, -2.244,   none, 1D,  0.000,  0.558,  3.730,     0
 9.398, -2.193,   none, 1D,  0.000,  0.637,  3.647,     0
 9.513, -2.154,   none, 1D,  0.000,  0.717,  3.564,     0
 9.628, -2.131,   none, 1D,  0.000,  0.797,  3.481,     0
 9.743, -2.130, saddle, 1D,  0.000,  0.876,  3.398,     0
 9.857, -2.151,   none, 1D,  0.000,  0.956,  3.315,     0
 9.972, -2.195,   none, 1D,  0.000,  1.036,  3.232,     0
10.087, -2.254,   none, 1D,  0.000,  1.115,  3.150,     0
10.167, -2.323,   none, 1D,  0.000,  1.195,  3.150,     0
10.282, -2.391,   none, 1D,  0.000,  1.275,  3.067,     0
10.362, -2.433,   none, 1D,  0.000,  1.354,  3.067,     0
10.477, -2.453,  Li_i2, 1D,  0.000,  1.434,  2.984,     8
10.592, -2.433,   none, 1D,  0.000,  1.514,  3.067,     8
10.671, -2.391,   none, 1D,  0.000,  1.593,  3.067,     8
10.786, -2.323,   none, 1D,  0.000,  1.673,  3.150,     8
10.866, -2.254,   none, 1D,  0.000,  1.753,  3.150,     8
10.981, -2.195,   none, 1D,  0.000,  1.832,  3.232,     8
11.096, -2.151,   none, 1D,  0.000,  1.912,  3.315,     8
11.211, -2.130, saddle, 1D,  0.000,  1.992,  3.398,     8
11.326, -2.131,   none, 1D,  0.000,  2.071,  3.481,     8
11.441, -2.154,   none, 1D,  0.000,  2.151,  3.564,     8
11.556, -2.193,   none, 1D,  0.000,  2.230,  3.647,     8
11.671, -2.244,   none, 1D,  0.000,  2.310,  3.730,     8
11.750, -2.304,   none, 1D,  0.000,  2.390,  3.730,     8
11.865, -2.361,   none, 1D,  0.000,  2.469,  3.813,     8
11.945, -2.408,   none, 1D,  0.000,  2.549,  3.813,     8
12.060, -2.453,   none, 1D,  0.000,  2.629,  3.895,     8
12.139, -2.481,   none, 1D,  0.000,  2.708,  3.895,     8
12.254, -2.499,   none, 1D,  0.000,  2.788,  3.978,     8
16.588, -2.453,  Li_i2, 2D,  2.836,  1.434,  0.995,   106
16.666, -2.437,   none, 2D,  2.914,  1.434,  0.995,   106
16.745, -2.390,   none, 2D,  2.993,  1.434,  0.995,   106
16.860, -2.327,   none, 2D,  3.072,  1.434,  1.077,   106
16.974, -2.255,   none, 2D,  3.151,  1.434,  1.160,   106
17.088, -2.188,   none, 2D,  3.229,  1.434,  1.243,   106
17.167, -2.142,   none, 2D,  3.308,  1.434,  1.243,   106
17.281, -2.120, saddle, 2D,  3.387,  1.434,  1.326,   106
17.396, -2.121,   none, 2D,  3.466,  1.434,  1.409,   106
17.510, -2.144,   none, 2D,  3.544,  1.434,  1.492,   106
17.624, -2.186,   none, 2D,  3.623,  1.434,  1.575,   106
17.739, -2.242,   none, 2D,  3.702,  1.434,  1.658,   106
17.853, -2.303,   none, 2D,  3.781,  1.434,  1.741,   106
17.967, -2.364,   none, 2D,  3.860,  1.434,  1.823,   106
18.046, -2.422,   none, 2D,  3.938,  1.434,  1.823,   106
18.161, -2.469,   none, 2D,  4.017,  1.434,  1.906,   106
18.239, -2.503,   none, 2D,  4.096,  1.434,  1.906,   106
18.354, -2.523,   none, 2D,  4.175,  1.434,  1.989,   106
18.432, -2.531,    Li1, 2D,  4.253,  1.434,  1.989,   158
18.511, -2.523,   none, 2D,  4.332,  1.434,  1.989,   158
18.625, -2.503,   none, 2D,  4.411,  1.434,  2.072,   158
18.704, -2.469,   none, 2D,  4.490,  1.434,  2.072,   158
18.819, -2.422,   none, 2D,  4.568,  1.434,  2.155,   158
18.897, -2.364,   none, 2D,  4.647,  1.434,  2.155,   158
19.012, -2.303,   none, 2D,  4.726,  1.434,  2.238,   158
19.126, -2.242,   none, 2D,  4.805,  1.434,  2.321,   158
19.240, -2.186,   none, 2D,  4.884,  1.434,  2.404,   158
19.355, -2.144,   none, 2D,  4.962,  1.434,  2.486,   158
19.469, -2.121,   none, 2D,  5.041,  1.434,  2.569,   158
19.583, -2.120, saddle, 2D,  5.120,  1.434,  2.652,   158
19.698, -2.142,   none, 2D,  5.199,  1.434,  2.735,   158
19.777, -2.188,   none, 2D,  5.277,  1.434,  2.735,   158
19.891, -2.255,   none, 2D,  5.356,  1.434,  2.818,   158
20.005, -2.327,   none, 2D,  5.435,  1.434,  2.901,   158
20.120, -2.390,   none, 2D,  5.514,  1.434,  2.984,   158
20.198, -2.437,   none, 2D,  5.592,  1.434,  2.984,   158
20.277, -2.453,  Li_i2, 2D,  0.000,  1.434,  2.984,    22
20.356, -2.437,   none, 2D,  0.079,  1.434,  2.984,    22
20.435, -2.390,   none, 2D,  0.158,  1.434,  2.984,    22
20.549, -2.327,   none, 2D,  0.236,  1.434,  2.901,    22
20.663, -2.255,   none, 2D,  0.315,  1.434,  2.818,    22
20.778, -2.188,   none, 2D,  0.394,  1.434,  2.735,    22
20.856, -2.142,   none, 2D,  0.473,  1.434,  2.735,    22
20.971, -2.120, saddle, 2D,  0.551,  1.434,  2.652,    22
21.085, -2.121,   none, 2D,  0.630,  1.434,  2.569,    22
21.199, -2.144,   none, 2D,  0.709,  1.434,  2.486,    22
21.314, -2.186,   none, 2D,  0.788,  1.434,  2.404,    22
21.428, -2.242,   none, 2D,  0.866,  1.434,  2.321,    22
21.542, -2.303,   none, 2D,  0.945,  1.434,  2.238,    22
21.657, -2.364,   none, 2D,  1.024,  1.434,  2.155,    22
21.736, -2.422,   none, 2D,  1.103,  1.434,  2.155,    22
21.850, -2.469,   none, 2D,  1.181,  1.434,  2.072,    22
21.929, -2.503,   none, 2D,  1.260,  1.434,  2.072,    22
22.043, -2.523,   none, 2D,  1.339,  1.434,  1.989,    22
22.122, -2.531,    Li1, 2D,  1.418,  1.434,  1.989,    74
22.201, -2.523,   none, 2D,  1.497,  1.434,  1.989,    74
22.315, -2.503,   none, 2D,  1.575,  1.434,  1.906,    74
22.394, -2.469,   none, 2D,  1.654,  1.434,  1.906,    74
22.508, -2.422,   none, 2D,  1.733,  1.434,  1.823,    74
22.587, -2.364,   none, 2D,  1.812,  1.434,  1.823,    74
22.701, -2.303,   none, 2D,  1.890,  1.434,  1.741,    74
22.815, -2.242,   none, 2D,  1.969,  1.434,  1.658,    74
22.930, -2.186,   none, 2D,  2.048,  1.434,  1.575,    74
23.044, -2.144,   none, 2D,  2.127,  1.434,  1.492,    74
23.158, -2.121,   none, 2D,  2.205,  1.434,  1.409,    74
23.273, -2.120, saddle, 2D,  2.284,  1.434,  1.326,    74
23.387, -2.142,   none, 2D,  2.363,  1.434,  1.243,    74
23.466, -2.188,   none, 2D,  2.442,  1.434,  1.243,    74
23.580, -2.255,   none, 2D,  2.521,  1.434,  1.160,    74
23.695, -2.327,   none, 2D,  2.599,  1.434,  1.077,    74
23.809, -2.390,   none, 2D,  2.678,  1.434,  0.995,    74
23.888, -2.437,   none, 2D,  2.757,  1.434,  0.995,    74
27.867,  6.636,  Li_i3, 0D,  0.000,  4.302,  1.077,    44
27.946,  6.745,   none, 0D,  0.000,  4.381,  1.077,    44
28.086,  7.106,   none, 0D,  0.079,  4.461,  0.995,    44
28.198,  7.802,   none, 0D,  0.158,  4.541,  0.995,    44
28.310,  8.747,   none, 0D,  0.236,  4.620,  0.995,    44
28.422,  9.809,   none, 0D,  0.315,  4.700,  0.995,    44
28.534, 10.825,   none, 0D,  0.394,  4.780,  0.995,    44
28.646, 11.632,   none, 0D,  0.473,  4.859,  0.995,    44
28.758, 12.083,   none, 0D,  0.551,  4.939,  0.995,    44
28.870, 12.085, saddle, 0D,  0.630,  5.019,  0.995,    44
28.982, 11.610,   none, 0D,  0.709,  5.098,  0.995,    44
29.094, 10.704,   none, 0D,  0.788,  5.178,  0.995,    44
29.206,  9.467,   none, 0D,  0.866,  5.258,  0.995,    44
29.318,  8.030,   none, 0D,  0.945,  5.337,  0.995,    44
29.430,  6.527,   none, 0D,  1.024,  5.417,  0.995,    44
29.542,  5.074,   none, 0D,  1.103,  5.497,  0.995,    44
29.654,  3.755,   none, 0D,  1.181,  5.576,  0.995,    44
29.766,  2.623,   none, 0D,  1.260,  5.656,  0.995,    44
29.878,  1.701,   none, 0D,  1.339,  0.000,  0.995,    44
29.990,  0.990,   none, 0D,  1.418,  0.080,  0.995,    44
30.102,  0.473,   none, 0D,  1.497,  0.159,  0.995,    44
30.214,  0.123,   none, 0D,  1.575,  0.239,  0.995,    44
30.326, -0.097,   none, 0D,  1.654,  0.319,  0.995,    44
30.465, -0.228,   none, 0D,  1.733,  0.398,  1.077,    44
30.605, -0.358,   none, 0D,  1.654,  0.478,  1.160,    44
30.720, -0.532,   none, 0D,  1.654,  0.558,  1.243,    44
30.859, -0.773,   none, 0D,  1.575,  0.637,  1.326,    44
30.974, -1.034,   none, 0D,  1.575,  0.717,  1.409,    44
31.089, -1.303,   none, 0D,  1.575,  0.797,  1.492,    44
31.228, -1.581,   none, 0D,  1.497,  0.876,  1.575,    44
31.343, -1.838,   none, 0D,  1.497,  0.956,  1.658,    44
31.458, -2.061,   none, 0D,  1.497,  1.036,  1.741,    44
31.573, -2.243,   none, 0D,  1.497,  1.115,  1.823,    44
31.713, -2.381,   none, 0D,  1.418,  1.195,  1.906,    44
31.828, -2.470,   none, 0D,  1.418,  1.275,  1.989,    44
31.907, -2.516,   none, 0D,  1.418,  1.354,  1.989,    44
31.987, -2.531,    Li1, 0D,  1.418,  1.434,  1.989,    23
32.066, -2.523,   none, 0D,  1.339,  1.434,  1.989,    23
32.180, -2.503,   none, 0D,  1.260,  1.434,  2.072,    23
32.259, -2.469,   none, 0D,  1.181,  1.434,  2.072,    23
32.373, -2.422,   none, 0D,  1.103,  1.434,  2.155,    23
32.452, -2.364,   none, 0D,  1.024,  1.434,  2.155,    23
32.566, -2.303,   none, 0D,  0.945,  1.434,  2.238,    23
32.680, -2.242,   none, 0D,  0.866,  1.434,  2.321,    23
32.795, -2.186,   none, 0D,  0.788,  1.434,  2.404,    23
32.909, -2.144,   none, 0D,  0.709,  1.434,  2.486,    23
33.024, -2.121,   none, 0D,  0.630,  1.434,  2.569,    23
33.138, -2.120, saddle, 0D,  0.551,  1.434,  2.652,    23
33.252, -2.142,   none, 0D,  0.473,  1.434,  2.735,    23
33.331, -2.188,   none, 0D,  0.394,  1.434,  2.735,    23
33.445, -2.255,   none, 0D,  0.315,  1.434,  2.818,    23
33.560, -2.327,   none, 0D,  0.236,  1.434,  2.901,    23
33.674, -2.390,   none, 0D,  0.158,  1.434,  2.984,    23
33.753, -2.437,   none, 0D,  0.079,  1.434,  2.984,    23
33.832, -2.453,  Li_i2, 0D,  0.000,  1.434,  2.984,     1
33.946, -2.433,   none, 0D,  0.000,  1.354,  3.067,     1
34.026, -2.391,   none, 0D,  0.000,  1.275,  3.067,     1
34.141, -2.323,   none, 0D,  0.000,  1.195,  3.150,     1
34.221, -2.254,   none, 0D,  0.000,  1.115,  3.150,     1
34.336, -2.195,   none, 0D,  0.000,  1.036,  3.232,     1
34.451, -2.151,   none, 0D,  0.000,  0.956,  3.315,     1
34.566, -2.130, saddle, 0D,  0.000,  0.876,  3.398,     1
34.681, -2.131,   none, 0D,  0.000,  0.797,  3.481,     1
34.796, -2.154,   none, 0D,  0.000,  0.717,  3.564,     1
34.911, -2.193,   none, 0D,  0.000,  0.637,  3.647,     1
35.025, -2.244,   none, 0D,  0.000,  0.558,  3.730,     1
35.105, -2.304,   none, 0D,  0.000,  0.478,  3.730,     1
35.220, -2.361,   none, 0D,  0.000,  0.398,  3.813,     1
35.300, -2.408,   none, 0D,  0.000,  0.319,  3.813,     1
35.415, -2.453,   none, 0D,  0.000,  0.239,  3.895,     1
35.494, -2.481,   none, 0D,  0.000,  0.159,  3.895,     1
35.609, -2.499,   none, 0D,  0.000,  0.080,  3.978,     1
35.689, -2.507,  Li_i1, 0D,  0.000,  0.000,  3.978,    15
35.769, -2.499,   none, 0D,  0.000,  5.656,  3.978,    15
35.884, -2.481,   none, 0D,  0.000,  5.576,  4.061,    15
35.963, -2.453,   none, 0D,  0.000,  5.497,  4.061,    15
36.078, -2.408,   none, 0D,  0.000,  5.417,  4.144,    15
36.158, -2.361,   none, 0D,  0.000,  5.337,  4.144,    15
36.238, -2.298,   none, 0D,  0.000,  5.258,  4.144,    15
36.352, -2.172,   none, 0D,  0.000,  5.178,  4.061,    15
36.467, -1.986,   none, 0D,  0.000,  5.098,  3.978,    15
36.582, -1.754,   none, 0D,  0.000,  5.019,  3.895,    15
36.697, -1.494,   none, 0D,  0.000,  4.939,  3.813,    15
36.812, -1.218,   none, 0D,  0.000,  4.859,  3.730,    15
36.927, -0.943,   none, 0D,  0.000,  4.780,  3.647,    15
37.042, -0.680,   none, 0D,  0.000,  4.700,  3.564,    15
37.157, -0.435,   none, 0D,  0.000,  4.620,  3.481,    15
37.272, -0.209,   none, 0D,  0.000,  4.541,  3.398,    15
37.387,  0.010,   none, 0D,  0.000,  4.461,  3.315,    15
37.502,  0.240,   none, 0D,  0.000,  4.381,  3.232,    15
37.617,  0.517,   none, 0D,  0.000,  4.302,  3.150,    15
37.700,  0.878,   none, 0D,  0.000,  4.302,  3.067,    15
37.783,  1.332,   none, 0D,  0.000,  4.302,  2.984,    15
37.866,  1.888,   none, 0D,  0.000,  4.302,  2.901,    15
37.949,  2.548,   none, 0D,  0.000,  4.302,  2.818,    15
38.031,  3.308,   none, 0D,  0.000,  4.302,  2.735,    15
38.114,  4.158,   none, 0D,  0.000,  4.302,  2.652,    15
38.197,  5.082,   none, 0D,  0.000,  4.302,  2.569,    15
38.280,  6.053,   none, 0D,  0.000,  4.302,  2.486,    15
38.363,  7.036,   none, 0D,  0.000,  4.302,  2.404,    15
38.446,  7.991,   none, 0D,  0.000,  4.302,  2.321,    15
38.529,  8.870,   none, 0D,  0.000,  4.302,  2.238,    15
38.612,  9.627,   none, 0D,  0.000,  4.302,  2.155,    15
38.695, 10.217,   none, 0D,  0.000,  4.302,  2.072,    15
38.777, 10.607,   none, 0D,  0.000,  4.302,  1.989,    15
38.860, 10.777, saddle, 0D,  0.000,  4.302,  1.906,    15
38.943, 10.724,   none, 0D,  0.000,  4.302,  1.823,    15
39.026, 10.464,   none, 0D,  0.000,  4.302,  1.741,    15
39.109, 10.030,   none, 0D,  0.000,  4.302,  1.658,    15
39.192,  9.471,   none, 0D,  0.000,  4.302,  1.575,    15
39.275,  8.843,   none, 0D,  0.000,  4.302,  1.492,    15
39.358,  8.207,   none, 0D,  0.000,  4.302,  1.409,    15
39.440,  7.620,   none, 0D,  0.000,  4.302,  1.326,    15
39.523,  7.136,   none, 0D,  0.000,  4.302,  1.243,    15
39.606,  6.797,   none, 0D,  0.000,  4.302,  1.160,    15
