r_coor, energy,   site, dn,      x,      y,      z, index
 5.116, -2.363,  Li_i2, 1D,  0.000,  5.052,  4.050,    32
 5.195, -2.359,   none, 1D,  0.078,  5.052,  4.050,    32
 5.298, -2.347,   none, 1D,  0.156,  5.052,  4.118,    32
 5.376, -2.328,   none, 1D,  0.234,  5.052,  4.118,    32
 5.479, -2.306,   none, 1D,  0.312,  5.052,  4.185,    32
 5.582, -2.280,   none, 1D,  0.391,  5.052,  4.253,    32
 5.686, -2.254,   none, 1D,  0.469,  5.052,  4.320,    32
 5.789, -2.229,   none, 1D,  0.547,  5.052,  4.388,    32
 5.867, -2.208,   none, 1D,  0.625,  5.052,  4.388,    32
 5.970, -2.192,   none, 1D,  0.703,  5.052,  4.455,    32
 6.073, -2.180,   none, 1D,  0.781,  5.052,  4.523,    32
 6.177, -2.173,   none, 1D,  0.859,  5.052,  4.590,    32
 6.280, -2.171, saddle, 1D,  0.937,  5.052,  4.658,    32
 6.383, -2.172,   none, 1D,  1.015,  5.052,  4.725,    32
 6.461, -2.177,   none, 1D,  1.094,  5.052,  4.725,    32
 6.564, -2.184,   none, 1D,  1.172,  5.052,  4.793,    32
 6.668, -2.189,   none, 1D,  1.250,  5.052,  0.000,    32
 6.746, -2.192,  Li_i4, 1D,  1.328,  5.052,  0.000,    41
 6.813, -2.190,   none, 1D,  1.328,  5.052,  0.068,    41
 6.881, -2.186,   none, 1D,  1.328,  5.052,  0.135,    41
 6.948, -2.180,   none, 1D,  1.328,  5.052,  0.203,    41
 7.016, -2.174,   none, 1D,  1.328,  5.052,  0.270,    41
 7.083, -2.167,   none, 1D,  1.328,  5.052,  0.338,    41
 7.187, -2.161,   none, 1D,  1.406,  5.052,  0.405,    41
 7.254, -2.157,   none, 1D,  1.406,  5.052,  0.473,    41
 7.322, -2.155,   none, 1D,  1.406,  5.052,  0.540,    41
 7.389, -2.155, saddle, 1D,  1.406,  5.052,  0.608,    41
 7.457, -2.157,   none, 1D,  1.406,  5.052,  0.675,    41
 7.524, -2.162,   none, 1D,  1.406,  5.052,  0.743,    41
 7.592, -2.170,   none, 1D,  1.406,  5.052,  0.810,    41
 7.659, -2.180,   none, 1D,  1.406,  5.052,  0.878,    41
 7.727, -2.192,   none, 1D,  1.406,  5.052,  0.945,    41
 7.794, -2.207,   none, 1D,  1.406,  5.052,  1.013,    41
 7.862, -2.222,   none, 1D,  1.406,  5.052,  1.080,    41
 7.929, -2.239,   none, 1D,  1.406,  5.052,  1.148,    41
 7.997, -2.255,   none, 1D,  1.406,  5.052,  1.215,    41
 8.064, -2.271,   none, 1D,  1.406,  5.052,  1.283,    41
 8.132, -2.286,   none, 1D,  1.406,  5.052,  1.350,    41
 8.199, -2.298,   none, 1D,  1.406,  5.052,  1.418,    41
 8.267, -2.308,   none, 1D,  1.406,  5.052,  1.485,    41
 8.370, -2.315,   none, 1D,  1.328,  5.052,  1.553,    41
 8.437, -2.317,  Li_i3, 1D,  1.328,  5.052,  1.620,    11
 8.515, -2.312,   none, 1D,  1.250,  5.052,  1.620,    11
 8.619, -2.301,   none, 1D,  1.172,  5.052,  1.688,    11
 8.722, -2.285,   none, 1D,  1.094,  5.052,  1.755,    11
 8.800, -2.268,   none, 1D,  1.015,  5.052,  1.755,    11
 8.903, -2.250,   none, 1D,  0.937,  5.052,  1.823,    11
 9.006, -2.232,   none, 1D,  0.859,  5.052,  1.890,    11
 9.110, -2.218,   none, 1D,  0.781,  5.052,  1.958,    11
 9.188, -2.206,   none, 1D,  0.703,  5.052,  1.958,    11
 9.291, -2.200,   none, 1D,  0.625,  5.052,  2.025,    11
 9.394, -2.198, saddle, 1D,  0.547,  5.052,  2.093,    11
 9.498, -2.200,   none, 1D,  0.469,  5.052,  2.160,    11
 9.601, -2.207,   none, 1D,  0.391,  5.052,  2.228,    11
 9.704, -2.216,   none, 1D,  0.312,  5.052,  2.295,    11
 9.807, -2.226,   none, 1D,  0.234,  5.052,  2.363,    11
 9.885, -2.236,   none, 1D,  0.156,  5.052,  2.363,    11
 9.989, -2.243,   none, 1D,  0.078,  5.052,  2.430,    11
10.067, -2.246,    Li2, 1D,  0.000,  5.052,  2.430,     2
10.134, -2.245,   none, 1D,  0.000,  5.052,  2.498,     2
10.202, -2.242,   none, 1D,  0.000,  5.052,  2.565,     2
10.269, -2.237,   none, 1D,  0.000,  5.052,  2.633,     2
10.337, -2.231,   none, 1D,  0.000,  5.052,  2.700,     2
10.404, -2.224,   none, 1D,  0.000,  5.052,  2.768,     2
10.472, -2.218,   none, 1D,  0.000,  5.052,  2.835,     2
10.539, -2.213,   none, 1D,  0.000,  5.052,  2.903,     2
10.607, -2.209,   none, 1D,  0.000,  5.052,  2.970,     2
10.674, -2.208, saddle, 1D,  0.000,  5.052,  3.038,     2
10.742, -2.209,   none, 1D,  0.000,  5.052,  3.105,     2
10.809, -2.212,   none, 1D,  0.000,  5.052,  3.173,     2
10.877, -2.218,   none, 1D,  0.000,  5.052,  3.240,     2
10.944, -2.227,   none, 1D,  0.000,  5.052,  3.308,     2
11.012, -2.238,   none, 1D,  0.000,  5.052,  3.375,     2
11.079, -2.251,   none, 1D,  0.000,  5.052,  3.443,     2
11.147, -2.265,   none, 1D,  0.000,  5.052,  3.510,     2
11.214, -2.281,   none, 1D,  0.000,  5.052,  3.578,     2
11.282, -2.298,   none, 1D,  0.000,  5.052,  3.645,     2
11.349, -2.314,   none, 1D,  0.000,  5.052,  3.713,     2
11.417, -2.329,   none, 1D,  0.000,  5.052,  3.780,     2
11.484, -2.342,   none, 1D,  0.000,  5.052,  3.848,     2
11.552, -2.352,   none, 1D,  0.000,  5.052,  3.915,     2
11.619, -2.360,   none, 1D,  0.000,  5.052,  3.983,     2
14.432, -2.388,    Li1, 2D,  2.812,  5.052,  4.050,   110
14.510, -2.384,   none, 2D,  2.890,  5.052,  4.050,   110
14.588, -2.372,   none, 2D,  2.968,  5.052,  4.050,   110
14.691, -2.353,   none, 2D,  3.046,  5.052,  4.118,   110
14.770, -2.329,   none, 2D,  3.124,  5.052,  4.118,   110
14.873, -2.301,   none, 2D,  3.203,  5.052,  4.185,   110
14.976, -2.272,   none, 2D,  3.281,  5.052,  4.253,   110
15.079, -2.243,   none, 2D,  3.359,  5.052,  4.320,   110
15.157, -2.218,   none, 2D,  3.437,  5.052,  4.320,   110
15.261, -2.197,   none, 2D,  3.515,  5.052,  4.388,   110
15.364, -2.181,   none, 2D,  3.593,  5.052,  4.455,   110
15.467, -2.171,   none, 2D,  3.671,  5.052,  4.523,   110
15.570, -2.165,   none, 2D,  3.749,  5.052,  4.590,   110
15.674, -2.165, saddle, 2D,  3.827,  5.052,  4.658,   110
15.752, -2.169,   none, 2D,  3.906,  5.052,  4.658,   110
15.855, -2.176,   none, 2D,  3.984,  5.052,  4.725,   110
15.958, -2.183,   none, 2D,  4.062,  5.052,  4.793,   110
16.061, -2.188,   none, 2D,  4.140,  5.052,  0.000,   110
16.139, -2.192,   none, 2D,  4.218,  5.052,  0.000,   110
18.873, -2.192,  Li_i4, 2D,  1.328,  5.052,  0.000,    44
18.951, -2.192,   none, 2D,  1.406,  5.052,  0.000,    44
19.030, -2.188,   none, 2D,  1.484,  5.052,  0.000,    44
19.133, -2.183,   none, 2D,  1.562,  5.052,  4.793,    44
19.236, -2.176,   none, 2D,  1.640,  5.052,  4.725,    44
19.339, -2.169,   none, 2D,  1.718,  5.052,  4.658,    44
19.417, -2.165, saddle, 2D,  1.797,  5.052,  4.658,    44
19.521, -2.165,   none, 2D,  1.875,  5.052,  4.590,    44
19.624, -2.171,   none, 2D,  1.953,  5.052,  4.523,    44
19.727, -2.181,   none, 2D,  2.031,  5.052,  4.455,    44
19.830, -2.197,   none, 2D,  2.109,  5.052,  4.388,    44
19.934, -2.218,   none, 2D,  2.187,  5.052,  4.320,    44
20.012, -2.243,   none, 2D,  2.265,  5.052,  4.320,    44
20.115, -2.272,   none, 2D,  2.343,  5.052,  4.253,    44
20.218, -2.301,   none, 2D,  2.421,  5.052,  4.185,    44
20.321, -2.329,   none, 2D,  2.500,  5.052,  4.118,    44
20.400, -2.353,   none, 2D,  2.578,  5.052,  4.118,    44
20.503, -2.372,   none, 2D,  2.656,  5.052,  4.050,    44
20.581, -2.384,   none, 2D,  2.734,  5.052,  4.050,    44
22.135, -2.075,  Li_i1, 3D,  2.812,  5.052,  2.498,    84
22.239, -2.073,   none, 3D,  2.890,  5.052,  2.430,    84
22.342, -2.068,   none, 3D,  2.968,  5.052,  2.363,    84
22.445, -2.063,   none, 3D,  3.046,  5.052,  2.295,    84
22.548, -2.060,   none, 3D,  3.124,  5.052,  2.228,    84
22.652, -2.059, saddle, 3D,  3.203,  5.052,  2.160,    84
22.755, -2.063,   none, 3D,  3.281,  5.052,  2.093,    84
22.833, -2.073,   none, 3D,  3.359,  5.052,  2.093,    84
22.936, -2.087,   none, 3D,  3.437,  5.052,  2.025,    84
23.039, -2.107,   none, 3D,  3.515,  5.052,  1.958,    84
23.143, -2.130,   none, 3D,  3.593,  5.052,  1.890,    84
23.246, -2.157,   none, 3D,  3.671,  5.052,  1.823,    84
23.324, -2.186,   none, 3D,  3.749,  5.052,  1.823,    84
23.427, -2.217,   none, 3D,  3.827,  5.052,  1.755,    84
23.530, -2.245,   none, 3D,  3.906,  5.052,  1.688,    84
23.608, -2.271,   none, 3D,  3.984,  5.052,  1.688,    84
23.712, -2.292,   none, 3D,  4.062,  5.052,  1.620,    84
23.790, -2.307,   none, 3D,  4.140,  5.052,  1.620,    84
23.868, -2.316,   none, 3D,  4.218,  5.052,  1.620,    84
26.602, -2.317,  Li_i3, 3D,  1.328,  5.052,  1.620,    70
26.680, -2.316,   none, 3D,  1.406,  5.052,  1.620,    70
26.758, -2.307,   none, 3D,  1.484,  5.052,  1.620,    70
26.836, -2.292,   none, 3D,  1.562,  5.052,  1.620,    70
26.939, -2.271,   none, 3D,  1.640,  5.052,  1.688,    70
27.018, -2.245,   none, 3D,  1.718,  5.052,  1.688,    70
27.121, -2.217,   none, 3D,  1.797,  5.052,  1.755,    70
27.224, -2.186,   none, 3D,  1.875,  5.052,  1.823,    70
27.302, -2.157,   none, 3D,  1.953,  5.052,  1.823,    70
27.405, -2.130,   none, 3D,  2.031,  5.052,  1.890,    70
27.509, -2.107,   none, 3D,  2.109,  5.052,  1.958,    70
27.612, -2.087,   none, 3D,  2.187,  5.052,  2.025,    70
27.715, -2.073,   none, 3D,  2.265,  5.052,  2.093,    70
27.793, -2.063,   none, 3D,  2.343,  5.052,  2.093,    70
27.896, -2.059, saddle, 3D,  2.421,  5.052,  2.160,    70
28.000, -2.060,   none, 3D,  2.500,  5.052,  2.228,    70
28.103, -2.063,   none, 3D,  2.578,  5.052,  2.295,    70
28.206, -2.068,   none, 3D,  2.656,  5.052,  2.363,    70
28.309, -2.073,   none, 3D,  2.734,  5.052,  2.430,    70
29.932, -2.317,  Li_i3, 3D,  1.328,  5.052,  1.620,    42
30.016, -2.305,   none, 3D,  1.328,  5.136,  1.620,    42
30.100, -2.269,   none, 3D,  1.328,  5.220,  1.620,    42
30.215, -2.207,   none, 3D,  1.406,  5.305,  1.620,    42
30.299, -2.118,   none, 3D,  1.406,  5.389,  1.620,    42
30.384, -1.999,   none, 3D,  1.406,  5.473,  1.620,    42
30.468, -1.847,   none, 3D,  1.406,  5.557,  1.620,    42
30.552, -1.660,   none, 3D,  1.406,  5.641,  1.620,    42
30.636, -1.435,   none, 3D,  1.406,  5.726,  1.620,    42
30.720, -1.174,   none, 3D,  1.406,  5.810,  1.620,    42
30.805, -0.876,   none, 3D,  1.406,  5.894,  1.620,    42
30.889, -0.545,   none, 3D,  1.406,  5.978,  1.620,    42
30.973, -0.186,   none, 3D,  1.406,  6.062,  1.620,    42
31.057,  0.193,   none, 3D,  1.406,  6.147,  1.620,    42
31.141,  0.585,   none, 3D,  1.406,  6.231,  1.620,    42
31.226,  0.980,   none, 3D,  1.406,  6.315,  1.620,    42
31.310,  1.370,   none, 3D,  1.406,  6.399,  1.620,    42
31.394,  1.748,   none, 3D,  1.406,  6.483,  1.620,    42
31.478,  2.113,   none, 3D,  1.406,  6.568,  1.620,    42
31.586,  2.516,   none, 3D,  1.406,  6.652,  1.688,    42
31.694,  3.055,   none, 3D,  1.406,  6.736,  1.755,    42
31.802,  3.747,   none, 3D,  1.406,  6.820,  1.823,    42
31.910,  4.591,   none, 3D,  1.406,  6.904,  1.890,    42
32.018,  5.566,   none, 3D,  1.406,  6.989,  1.958,    42
32.126,  6.629,   none, 3D,  1.406,  7.073,  2.025,    42
32.259,  7.710,   none, 3D,  1.328,  7.157,  2.093,    42
32.367,  8.747,   none, 3D,  1.328,  7.241,  2.160,    42
32.475,  9.661,   none, 3D,  1.328,  7.325,  2.228,    42
32.608, 10.376,   none, 3D,  1.406,  7.410,  2.295,    42
32.716, 10.826,   none, 3D,  1.406,  7.494,  2.363,    42
32.824, 10.980, saddle, 3D,  1.406,  7.578,  2.430,    42
32.932, 10.826,   none, 3D,  1.406,  7.662,  2.498,    42
33.040, 10.376,   none, 3D,  1.406,  7.746,  2.565,    42
33.173,  9.661,   none, 3D,  1.484,  7.831,  2.633,    42
33.281,  8.747,   none, 3D,  1.484,  7.915,  2.700,    42
33.389,  7.710,   none, 3D,  1.484,  7.999,  2.768,    42
33.522,  6.629,   none, 3D,  1.406,  8.083,  2.835,    42
33.630,  5.566,   none, 3D,  1.406,  8.167,  2.903,    42
33.738,  4.591,   none, 3D,  1.406,  8.252,  2.970,    42
33.846,  3.747,   none, 3D,  1.406,  8.336,  3.038,    42
33.954,  3.055,   none, 3D,  1.406,  8.420,  3.105,    42
34.061,  2.516,   none, 3D,  1.406,  8.504,  3.173,    42
34.169,  2.113,   none, 3D,  1.406,  8.588,  3.240,    42
34.254,  1.748,   none, 3D,  1.406,  8.672,  3.240,    42
34.338,  1.370,   none, 3D,  1.406,  8.757,  3.240,    42
34.422,  0.980,   none, 3D,  1.406,  8.841,  3.240,    42
34.506,  0.585,   none, 3D,  1.406,  8.925,  3.240,    42
34.590,  0.193,   none, 3D,  1.406,  9.009,  3.240,    42
34.675, -0.186,   none, 3D,  1.406,  9.093,  3.240,    42
34.759, -0.545,   none, 3D,  1.406,  9.178,  3.240,    42
34.843, -0.876,   none, 3D,  1.406,  9.262,  3.240,    42
34.927, -1.174,   none, 3D,  1.406,  9.346,  3.240,    42
35.011, -1.435,   none, 3D,  1.406,  9.430,  3.240,    42
35.096, -1.660,   none, 3D,  1.406,  9.514,  3.240,    42
35.180, -1.847,   none, 3D,  1.406,  9.599,  3.240,    42
35.264, -1.999,   none, 3D,  1.406,  9.683,  3.240,    42
35.348, -2.118,   none, 3D,  1.406,  9.767,  3.240,    42
35.432, -2.207,   none, 3D,  1.406,  9.851,  3.240,    42
35.547, -2.269,   none, 3D,  1.484,  9.935,  3.240,    42
35.631, -2.305,   none, 3D,  1.484, 10.020,  3.240,    42
35.716, -2.317,  Li_i3, 3D,  1.484,  0.000,  3.240,    38
35.800, -2.305,   none, 3D,  1.484,  0.084,  3.240,    38
35.884, -2.269,   none, 3D,  1.484,  0.168,  3.240,    38
35.999, -2.207,   none, 3D,  1.406,  0.253,  3.240,    38
36.083, -2.118,   none, 3D,  1.406,  0.337,  3.240,    38
36.167, -1.999,   none, 3D,  1.406,  0.421,  3.240,    38
36.251, -1.847,   none, 3D,  1.406,  0.505,  3.240,    38
36.336, -1.660,   none, 3D,  1.406,  0.589,  3.240,    38
36.420, -1.435,   none, 3D,  1.406,  0.674,  3.240,    38
36.504, -1.174,   none, 3D,  1.406,  0.758,  3.240,    38
36.588, -0.876,   none, 3D,  1.406,  0.842,  3.240,    38
36.672, -0.545,   none, 3D,  1.406,  0.926,  3.240,    38
36.757, -0.186,   none, 3D,  1.406,  1.010,  3.240,    38
36.841,  0.193,   none, 3D,  1.406,  1.095,  3.240,    38
36.925,  0.585,   none, 3D,  1.406,  1.179,  3.240,    38
37.009,  0.980,   none, 3D,  1.406,  1.263,  3.240,    38
37.093,  1.370,   none, 3D,  1.406,  1.347,  3.240,    38
37.178,  1.748,   none, 3D,  1.406,  1.431,  3.240,    38
37.262,  2.113,   none, 3D,  1.406,  1.516,  3.240,    38
37.370,  2.516,   none, 3D,  1.406,  1.600,  3.173,    38
37.478,  3.055,   none, 3D,  1.406,  1.684,  3.105,    38
37.586,  3.747,   none, 3D,  1.406,  1.768,  3.038,    38
37.693,  4.591,   none, 3D,  1.406,  1.852,  2.970,    38
37.801,  5.566,   none, 3D,  1.406,  1.937,  2.903,    38
37.909,  6.629,   none, 3D,  1.406,  2.021,  2.835,    38
38.043,  7.710,   none, 3D,  1.484,  2.105,  2.768,    38
38.150,  8.747,   none, 3D,  1.484,  2.189,  2.700,    38
38.258,  9.661,   none, 3D,  1.484,  2.273,  2.633,    38
38.392, 10.376,   none, 3D,  1.406,  2.358,  2.565,    38
38.500, 10.826,   none, 3D,  1.406,  2.442,  2.498,    38
38.607, 10.980, saddle, 3D,  1.406,  2.526,  2.430,    38
38.715, 10.826,   none, 3D,  1.406,  2.610,  2.363,    38
38.823, 10.376,   none, 3D,  1.406,  2.694,  2.295,    38
38.956,  9.661,   none, 3D,  1.328,  2.779,  2.228,    38
39.064,  8.747,   none, 3D,  1.328,  2.863,  2.160,    38
39.172,  7.710,   none, 3D,  1.328,  2.947,  2.093,    38
39.306,  6.629,   none, 3D,  1.406,  3.031,  2.025,    38
39.413,  5.566,   none, 3D,  1.406,  3.115,  1.958,    38
39.521,  4.591,   none, 3D,  1.406,  3.200,  1.890,    38
39.629,  3.747,   none, 3D,  1.406,  3.284,  1.823,    38
39.737,  3.055,   none, 3D,  1.406,  3.368,  1.755,    38
39.845,  2.516,   none, 3D,  1.406,  3.452,  1.688,    38
39.953,  2.113,   none, 3D,  1.406,  3.536,  1.620,    38
40.037,  1.748,   none, 3D,  1.406,  3.621,  1.620,    38
40.121,  1.370,   none, 3D,  1.406,  3.705,  1.620,    38
40.206,  0.980,   none, 3D,  1.406,  3.789,  1.620,    38
40.290,  0.585,   none, 3D,  1.406,  3.873,  1.620,    38
40.374,  0.193,   none, 3D,  1.406,  3.957,  1.620,    38
40.458, -0.186,   none, 3D,  1.406,  4.042,  1.620,    38
40.542, -0.545,   none, 3D,  1.406,  4.126,  1.620,    38
40.627, -0.876,   none, 3D,  1.406,  4.210,  1.620,    38
40.711, -1.174,   none, 3D,  1.406,  4.294,  1.620,    38
40.795, -1.435,   none, 3D,  1.406,  4.378,  1.620,    38
40.879, -1.660,   none, 3D,  1.406,  4.463,  1.620,    38
40.963, -1.847,   none, 3D,  1.406,  4.547,  1.620,    38
41.048, -1.999,   none, 3D,  1.406,  4.631,  1.620,    38
41.132, -2.118,   none, 3D,  1.406,  4.715,  1.620,    38
41.216, -2.207,   none, 3D,  1.406,  4.799,  1.620,    38
41.331, -2.269,   none, 3D,  1.328,  4.884,  1.620,    38
41.415, -2.305,   none, 3D,  1.328,  4.968,  1.620,    38
44.185, -2.363,  Li_i2, 0D,  0.000,  5.052,  4.050,    16
44.270, -2.351,   none, 0D,  0.000,  4.968,  4.050,    16
44.354, -2.314,   none, 0D,  0.000,  4.884,  4.050,    16
44.462, -2.251,   none, 0D,  0.000,  4.799,  4.118,    16
44.546, -2.160,   none, 0D,  0.000,  4.715,  4.118,    16
44.630, -2.038,   none, 0D,  0.000,  4.631,  4.118,    16
44.714, -1.882,   none, 0D,  0.000,  4.547,  4.118,    16
44.799, -1.690,   none, 0D,  0.000,  4.463,  4.118,    16
44.883, -1.461,   none, 0D,  0.000,  4.378,  4.118,    16
44.967, -1.192,   none, 0D,  0.000,  4.294,  4.118,    16
45.051, -0.887,   none, 0D,  0.000,  4.210,  4.118,    16
45.135, -0.548,   none, 0D,  0.000,  4.126,  4.118,    16
45.220, -0.181,   none, 0D,  0.000,  4.042,  4.118,    16
45.304,  0.208,   none, 0D,  0.000,  3.957,  4.118,    16
45.388,  0.608,   none, 0D,  0.000,  3.873,  4.118,    16
45.472,  1.011,   none, 0D,  0.000,  3.789,  4.118,    16
45.556,  1.408,   none, 0D,  0.000,  3.705,  4.118,    16
45.664,  1.789,   none, 0D,  0.000,  3.621,  4.050,    16
45.749,  2.155,   none, 0D,  0.000,  3.536,  4.050,    16
45.833,  2.506,   none, 0D,  0.000,  3.452,  4.050,    16
45.917,  2.851,   none, 0D,  0.000,  3.368,  4.050,    16
46.001,  3.205,   none, 0D,  0.000,  3.284,  4.050,    16
46.085,  3.593,   none, 0D,  0.000,  3.200,  4.050,    16
46.200,  4.125,   none, 0D,  0.078,  3.115,  4.050,    16
46.333,  4.975,   none, 0D,  0.156,  3.031,  3.983,    16
46.467,  6.129,   none, 0D,  0.234,  2.947,  3.915,    16
46.600,  7.487,   none, 0D,  0.312,  2.863,  3.848,    16
46.733,  8.888,   none, 0D,  0.391,  2.779,  3.780,    16
46.866, 10.133,   none, 0D,  0.469,  2.694,  3.713,    16
46.999, 11.015,   none, 0D,  0.547,  2.610,  3.645,    16
47.133, 11.377, saddle, 0D,  0.625,  2.526,  3.578,    16
47.266, 11.155,   none, 0D,  0.703,  2.442,  3.510,    16
47.399, 10.397,   none, 0D,  0.781,  2.358,  3.443,    16
47.532,  9.249,   none, 0D,  0.859,  2.273,  3.375,    16
47.666,  7.909,   none, 0D,  0.937,  2.189,  3.308,    16
47.799,  6.584,   none, 0D,  1.015,  2.105,  3.240,    16
47.932,  5.452,   none, 0D,  1.094,  2.021,  3.173,    16
48.047,  4.540,   none, 0D,  1.172,  1.937,  3.173,    16
48.180,  3.790,   none, 0D,  1.250,  1.852,  3.240,    16
48.295,  3.206,   none, 0D,  1.328,  1.768,  3.240,    16
48.410,  2.808,   none, 0D,  1.406,  1.684,  3.240,    16
48.494,  2.464,   none, 0D,  1.406,  1.600,  3.240,    16
48.578,  2.113,   none, 0D,  1.406,  1.516,  3.240,    16
48.662,  1.748,   none, 0D,  1.406,  1.431,  3.240,    16
48.747,  1.370,   none, 0D,  1.406,  1.347,  3.240,    16
48.831,  0.980,   none, 0D,  1.406,  1.263,  3.240,    16
48.915,  0.585,   none, 0D,  1.406,  1.179,  3.240,    16
48.999,  0.193,   none, 0D,  1.406,  1.095,  3.240,    16
49.083, -0.186,   none, 0D,  1.406,  1.010,  3.240,    16
49.168, -0.545,   none, 0D,  1.406,  0.926,  3.240,    16
49.252, -0.876,   none, 0D,  1.406,  0.842,  3.240,    16
49.336, -1.174,   none, 0D,  1.406,  0.758,  3.240,    16
49.420, -1.435,   none, 0D,  1.406,  0.674,  3.240,    16
49.504, -1.660,   none, 0D,  1.406,  0.589,  3.240,    16
49.589, -1.847,   none, 0D,  1.406,  0.505,  3.240,    16
49.673, -1.999,   none, 0D,  1.406,  0.421,  3.240,    16
49.757, -2.118,   none, 0D,  1.406,  0.337,  3.240,    16
49.841, -2.207,   none, 0D,  1.406,  0.253,  3.240,    16
49.956, -2.269,   none, 0D,  1.484,  0.168,  3.240,    16
50.040, -2.305,   none, 0D,  1.484,  0.084,  3.240,    16
50.124, -2.317,  Li_i3, 0D,  1.484,  0.000,  3.240,    38
50.209, -2.305,   none, 0D,  1.484,  0.084,  3.240,    38
50.293, -2.269,   none, 0D,  1.484,  0.168,  3.240,    38
50.408, -2.207,   none, 0D,  1.406,  0.253,  3.240,    38
50.492, -2.118,   none, 0D,  1.406,  0.337,  3.240,    38
50.576, -1.999,   none, 0D,  1.406,  0.421,  3.240,    38
50.660, -1.847,   none, 0D,  1.406,  0.505,  3.240,    38
50.744, -1.660,   none, 0D,  1.406,  0.589,  3.240,    38
50.829, -1.435,   none, 0D,  1.406,  0.674,  3.240,    38
50.913, -1.174,   none, 0D,  1.406,  0.758,  3.240,    38
50.997, -0.876,   none, 0D,  1.406,  0.842,  3.240,    38
51.081, -0.545,   none, 0D,  1.406,  0.926,  3.240,    38
51.165, -0.186,   none, 0D,  1.406,  1.010,  3.240,    38
51.250,  0.193,   none, 0D,  1.406,  1.095,  3.240,    38
51.334,  0.585,   none, 0D,  1.406,  1.179,  3.240,    38
51.418,  0.980,   none, 0D,  1.406,  1.263,  3.240,    38
51.502,  1.370,   none, 0D,  1.406,  1.347,  3.240,    38
51.586,  1.748,   none, 0D,  1.406,  1.431,  3.240,    38
51.671,  2.113,   none, 0D,  1.406,  1.516,  3.240,    38
51.779,  2.516,   none, 0D,  1.406,  1.600,  3.173,    38
51.886,  3.055,   none, 0D,  1.406,  1.684,  3.105,    38
51.994,  3.747,   none, 0D,  1.406,  1.768,  3.038,    38
52.102,  4.591,   none, 0D,  1.406,  1.852,  2.970,    38
52.210,  5.566,   none, 0D,  1.406,  1.937,  2.903,    38
52.318,  6.629,   none, 0D,  1.406,  2.021,  2.835,    38
52.451,  7.710,   none, 0D,  1.484,  2.105,  2.768,    38
52.559,  8.747,   none, 0D,  1.484,  2.189,  2.700,    38
52.667,  9.661,   none, 0D,  1.484,  2.273,  2.633,    38
52.800, 10.376,   none, 0D,  1.406,  2.358,  2.565,    38
52.908, 10.826,   none, 0D,  1.406,  2.442,  2.498,    38
53.016, 10.980, saddle, 0D,  1.406,  2.526,  2.430,    38
53.124, 10.826,   none, 0D,  1.406,  2.610,  2.363,    38
53.232, 10.376,   none, 0D,  1.406,  2.694,  2.295,    38
53.365,  9.661,   none, 0D,  1.328,  2.779,  2.228,    38
53.473,  8.747,   none, 0D,  1.328,  2.863,  2.160,    38
53.581,  7.710,   none, 0D,  1.328,  2.947,  2.093,    38
53.714,  6.629,   none, 0D,  1.406,  3.031,  2.025,    38
53.822,  5.566,   none, 0D,  1.406,  3.115,  1.958,    38
53.930,  4.591,   none, 0D,  1.406,  3.200,  1.890,    38
54.038,  3.747,   none, 0D,  1.406,  3.284,  1.823,    38
54.146,  3.055,   none, 0D,  1.406,  3.368,  1.755,    38
54.254,  2.516,   none, 0D,  1.406,  3.452,  1.688,    38
54.362,  2.113,   none, 0D,  1.406,  3.536,  1.620,    38
54.446,  1.748,   none, 0D,  1.406,  3.621,  1.620,    38
54.530,  1.370,   none, 0D,  1.406,  3.705,  1.620,    38
54.614,  0.980,   none, 0D,  1.406,  3.789,  1.620,    38
54.699,  0.585,   none, 0D,  1.406,  3.873,  1.620,    38
54.783,  0.193,   none, 0D,  1.406,  3.957,  1.620,    38
54.867, -0.186,   none, 0D,  1.406,  4.042,  1.620,    38
54.951, -0.545,   none, 0D,  1.406,  4.126,  1.620,    38
55.035, -0.876,   none, 0D,  1.406,  4.210,  1.620,    38
55.120, -1.174,   none, 0D,  1.406,  4.294,  1.620,    38
55.204, -1.435,   none, 0D,  1.406,  4.378,  1.620,    38
55.288, -1.660,   none, 0D,  1.406,  4.463,  1.620,    38
55.372, -1.847,   none, 0D,  1.406,  4.547,  1.620,    38
55.456, -1.999,   none, 0D,  1.406,  4.631,  1.620,    38
55.541, -2.118,   none, 0D,  1.406,  4.715,  1.620,    38
55.625, -2.207,   none, 0D,  1.406,  4.799,  1.620,    38
55.740, -2.269,   none, 0D,  1.328,  4.884,  1.620,    38
55.824, -2.305,   none, 0D,  1.328,  4.968,  1.620,    38
55.908, -2.317,  Li_i3, 0D,  1.328,  5.052,  1.620,    11
55.986, -2.312,   none, 0D,  1.250,  5.052,  1.620,    11
56.089, -2.301,   none, 0D,  1.172,  5.052,  1.688,    11
56.193, -2.285,   none, 0D,  1.094,  5.052,  1.755,    11
56.271, -2.268,   none, 0D,  1.015,  5.052,  1.755,    11
56.374, -2.250,   none, 0D,  0.937,  5.052,  1.823,    11
56.477, -2.232,   none, 0D,  0.859,  5.052,  1.890,    11
56.580, -2.218,   none, 0D,  0.781,  5.052,  1.958,    11
56.659, -2.206,   none, 0D,  0.703,  5.052,  1.958,    11
56.762, -2.200,   none, 0D,  0.625,  5.052,  2.025,    11
56.865, -2.198, saddle, 0D,  0.547,  5.052,  2.093,    11
56.968, -2.200,   none, 0D,  0.469,  5.052,  2.160,    11
57.071, -2.207,   none, 0D,  0.391,  5.052,  2.228,    11
57.175, -2.216,   none, 0D,  0.312,  5.052,  2.295,    11
57.278, -2.226,   none, 0D,  0.234,  5.052,  2.363,    11
57.356, -2.236,   none, 0D,  0.156,  5.052,  2.363,    11
57.459, -2.243,   none, 0D,  0.078,  5.052,  2.430,    11
57.537, -2.246,    Li2, 0D,  0.000,  5.052,  2.430,     2
57.605, -2.245,   none, 0D,  0.000,  5.052,  2.498,     2
57.672, -2.242,   none, 0D,  0.000,  5.052,  2.565,     2
57.740, -2.237,   none, 0D,  0.000,  5.052,  2.633,     2
57.807, -2.231,   none, 0D,  0.000,  5.052,  2.700,     2
57.875, -2.224,   none, 0D,  0.000,  5.052,  2.768,     2
57.942, -2.218,   none, 0D,  0.000,  5.052,  2.835,     2
58.010, -2.213,   none, 0D,  0.000,  5.052,  2.903,     2
58.077, -2.209,   none, 0D,  0.000,  5.052,  2.970,     2
58.145, -2.208, saddle, 0D,  0.000,  5.052,  3.038,     2
58.212, -2.209,   none, 0D,  0.000,  5.052,  3.105,     2
58.280, -2.212,   none, 0D,  0.000,  5.052,  3.173,     2
58.347, -2.218,   none, 0D,  0.000,  5.052,  3.240,     2
58.415, -2.227,   none, 0D,  0.000,  5.052,  3.308,     2
58.482, -2.238,   none, 0D,  0.000,  5.052,  3.375,     2
58.550, -2.251,   none, 0D,  0.000,  5.052,  3.443,     2
58.617, -2.265,   none, 0D,  0.000,  5.052,  3.510,     2
58.685, -2.281,   none, 0D,  0.000,  5.052,  3.578,     2
58.752, -2.298,   none, 0D,  0.000,  5.052,  3.645,     2
58.820, -2.314,   none, 0D,  0.000,  5.052,  3.713,     2
58.887, -2.329,   none, 0D,  0.000,  5.052,  3.780,     2
58.955, -2.342,   none, 0D,  0.000,  5.052,  3.848,     2
59.022, -2.352,   none, 0D,  0.000,  5.052,  3.915,     2
59.090, -2.360,   none, 0D,  0.000,  5.052,  3.983,     2
