r_coor, energy,   site, dn,      x,      y,      z, index
 3.528, -2.423,    Li2, 1D,  3.670,  2.137,  2.538,   112
 3.595, -2.418,   none, 1D,  3.737,  2.137,  2.538,   112
 3.663, -2.408,   none, 1D,  3.771,  2.078,  2.538,   112
 3.731, -2.391,   none, 1D,  3.839,  2.078,  2.538,   112
 3.799, -2.368,   none, 1D,  3.873,  2.019,  2.538,   112
 3.867, -2.337,   none, 1D,  3.907,  1.960,  2.538,   112
 4.001, -2.302,   none, 1D,  3.995,  2.019,  2.457,   112
 4.069, -2.260,   none, 1D,  4.063,  2.019,  2.457,   112
 4.137, -2.213,   none, 1D,  4.097,  1.960,  2.457,   112
 4.254, -2.152,   none, 1D,  4.198,  2.019,  2.457,   112
 4.388, -2.092,   none, 1D,  4.286,  2.078,  2.375,   112
 4.456, -2.039,   none, 1D,  4.354,  2.078,  2.375,   112
 4.524, -1.983,   none, 1D,  4.422,  2.078,  2.375,   112
 4.657, -1.935,   none, 1D,  4.510,  2.136,  2.293,   112
 4.725, -1.902,   none, 1D,  4.577,  2.136,  2.293,   112
 4.793, -1.872,   none, 1D,  4.645,  2.136,  2.293,   112
 4.927, -1.849, saddle, 1D,  4.733,  2.195,  2.211,   112
 4.994, -1.852,   none, 1D,  4.801,  2.195,  2.211,   112
 5.062, -1.858,   none, 1D,  4.869,  2.195,  2.211,   112
 5.180, -1.869,   none, 1D,  4.970,  2.254,  2.211,   112
 5.247, -1.881,   none, 1D,  5.038,  2.254,  2.211,   112
 5.345, -1.910,   none, 1D,  5.092,  2.254,  2.129,   112
 5.413, -1.936,   none, 1D,  5.160,  2.254,  2.129,   112
 5.481, -1.956,   none, 1D,  5.227,  2.254,  2.129,   112
 5.549, -1.966,   none, 1D,  5.295,  2.254,  2.129,   112
 5.617, -1.969,  Li_i2, 1D,  5.329,  2.195,  2.129,   132
 5.685, -1.966,   none, 1D,  5.295,  2.254,  2.129,   132
 5.753, -1.956,   none, 1D,  5.329,  2.313,  2.129,   132
 5.821, -1.937,   none, 1D,  5.363,  2.372,  2.129,   132
 5.889, -1.913,   none, 1D,  5.397,  2.431,  2.129,   132
 6.001, -1.896,   none, 1D,  5.444,  2.490,  2.211,   132
 6.069, -1.888,   none, 1D,  5.478,  2.549,  2.211,   132
 6.137, -1.881,   none, 1D,  5.512,  2.608,  2.211,   132
 6.205, -1.876, saddle, 1D,  5.545,  2.667,  2.211,   132
 6.358, -1.897,   none, 1D,  5.660,  2.727,  2.293,   132
 6.426, -1.919,   none, 1D,  5.694,  2.786,  2.293,   132
 6.579, -1.949,   none, 1D,  5.809,  2.845,  2.375,   132
 6.697, -1.992,   none, 1D,  5.911,  2.904,  2.375,   132
 6.850, -2.044,   none, 1D,  6.026,  2.964,  2.457,   132
 6.968, -2.087,   none, 1D,  6.128,  3.023,  2.457,   132
 7.121, -2.128,   none, 1D,  6.243,  3.082,  2.538,   132
 7.189, -2.159,   none, 1D,  6.209,  3.141,  2.538,   132
 7.257, -2.186,   none, 1D,  6.175,  3.200,  2.538,   132
 7.325, -2.208,   none, 1D,  6.141,  3.259,  2.538,   132
 7.393, -2.226,   none, 1D,  6.107,  3.318,  2.538,   132
 7.461, -2.240,   none, 1D,  6.141,  3.377,  2.538,   132
 7.529, -2.251,   none, 1D,  6.107,  3.436,  2.538,   132
 7.597, -2.257,   none, 1D,  6.073,  3.495,  2.538,   132
 7.666, -2.260,  Li_i3, 1D,  6.106,  3.554,  2.538,   166
 7.734, -2.256,   none, 1D,  6.140,  3.495,  2.538,   166
 7.801, -2.248,   none, 1D,  6.208,  3.495,  2.538,   166
 7.869, -2.237,   none, 1D,  6.242,  3.436,  2.538,   166
 7.938, -2.221,   none, 1D,  6.276,  3.377,  2.538,   166
 8.006, -2.202,   none, 1D,  6.310,  3.318,  2.538,   166
 8.073, -2.178,   none, 1D,  6.378,  3.318,  2.538,   166
 8.142, -2.151,   none, 1D,  6.412,  3.259,  2.538,   166
 8.275, -2.120,   none, 1D,  6.500,  3.318,  2.457,   166
 8.343, -2.085,   none, 1D,  6.534,  3.259,  2.457,   166
 8.461, -2.040,   none, 1D,  6.635,  3.318,  2.457,   166
 8.595, -1.996,   none, 1D,  6.723,  3.377,  2.375,   166
 8.662, -1.957,   none, 1D,  6.791,  3.377,  2.375,   166
 8.796, -1.918,   none, 1D,  6.879,  3.435,  2.293,   166
 8.864, -1.895,   none, 1D,  6.947,  3.435,  2.293,   166
 8.981, -1.869,   none, 1D,  7.048,  3.494,  2.293,   166
 9.115, -1.859, saddle, 1D,  7.136,  3.553,  2.211,   166
 9.183, -1.861,   none, 1D,  7.204,  3.553,  2.211,   166
 9.251, -1.864,   none, 1D,  2.394,  3.553,  2.211,   166
 9.318, -1.869,   none, 1D,  2.462,  3.553,  2.211,   166
 9.416, -1.891,   none, 1D,  2.516,  3.553,  2.129,   166
 9.484, -1.914,   none, 1D,  2.584,  3.553,  2.129,   166
 9.552, -1.933,   none, 1D,  2.651,  3.553,  2.129,   166
 9.620, -1.947,   none, 1D,  2.719,  3.553,  2.129,   166
 9.687, -1.951,  Li_i1, 1D,  2.787,  3.553,  2.129,    32
 9.756, -1.950,   none, 1D,  2.821,  3.494,  2.129,    32
 9.824, -1.939,   none, 1D,  2.855,  3.435,  2.129,    32
 9.892, -1.921,   none, 1D,  2.889,  3.375,  2.129,    32
 9.960, -1.898,   none, 1D,  2.923,  3.316,  2.129,    32
10.028, -1.873,   none, 1D,  2.957,  3.257,  2.129,    32
10.139, -1.861,   none, 1D,  3.004,  3.199,  2.211,    32
10.207, -1.860, saddle, 1D,  3.038,  3.140,  2.211,    32
10.276, -1.860,   none, 1D,  3.072,  3.081,  2.211,    32
10.344, -1.864,   none, 1D,  3.106,  3.022,  2.211,    32
10.455, -1.894,   none, 1D,  3.154,  2.963,  2.293,    32
10.523, -1.930,   none, 1D,  3.187,  2.904,  2.293,    32
10.591, -1.966,   none, 1D,  3.221,  2.845,  2.293,    32
10.703, -2.014,   none, 1D,  3.269,  2.786,  2.375,    32
10.771, -2.071,   none, 1D,  3.303,  2.727,  2.375,    32
10.839, -2.124,   none, 1D,  3.337,  2.668,  2.375,    32
10.950, -2.176,   none, 1D,  3.384,  2.609,  2.457,    32
11.018, -2.235,   none, 1D,  3.418,  2.550,  2.457,    32
11.087, -2.285,   none, 1D,  3.452,  2.491,  2.457,    32
11.155, -2.326,   none, 1D,  3.486,  2.432,  2.457,    32
11.266, -2.360,   none, 1D,  3.534,  2.374,  2.538,    32
11.334, -2.390,   none, 1D,  3.568,  2.314,  2.538,    32
11.402, -2.410,   none, 1D,  3.602,  2.255,  2.538,    32
11.470, -2.421,   none, 1D,  3.636,  2.196,  2.538,    32
16.493, -2.423,    Li2, 2D,  5.270,  2.159,  7.288,    98
16.561, -2.418,   none, 2D,  5.304,  2.218,  7.288,    98
16.629, -2.407,   none, 2D,  5.270,  2.277,  7.288,    98
16.698, -2.389,   none, 2D,  5.236,  2.336,  7.288,    98
16.766, -2.365,   none, 2D,  5.270,  2.395,  7.288,    98
16.834, -2.334,   none, 2D,  5.236,  2.454,  7.288,    98
16.902, -2.297,   none, 2D,  5.202,  2.513,  7.288,    98
16.970, -2.253,   none, 2D,  5.236,  2.572,  7.288,    98
17.038, -2.204,   none, 2D,  5.202,  2.631,  7.288,    98
17.191, -2.148,   none, 2D,  5.317,  2.691,  7.370,    98
17.259, -2.087,   none, 2D,  5.351,  2.750,  7.370,    98
17.413, -2.019,   none, 2D,  5.466,  2.809,  7.452,    98
17.481, -1.962,   none, 2D,  5.500,  2.868,  7.452,    98
17.634, -1.906,   none, 2D,  5.615,  2.928,  7.533,    98
17.702, -1.869,   none, 2D,  5.648,  2.987,  7.533,    98
17.770, -1.833,   none, 2D,  5.682,  3.046,  7.533,    98
17.923, -1.816,   none, 2D,  5.797,  3.105,  7.615,    98
17.991, -1.814, saddle, 2D,  5.831,  3.164,  7.615,    98
18.059, -1.816,   none, 2D,  5.865,  3.223,  7.615,    98
18.171, -1.824,   none, 2D,  5.912,  3.283,  7.697,    98
18.239, -1.855,   none, 2D,  5.946,  3.342,  7.697,    98
18.307, -1.884,   none, 2D,  5.980,  3.401,  7.697,    98
18.375, -1.911,   none, 2D,  6.014,  3.460,  7.697,    98
18.443, -1.932,   none, 2D,  6.047,  3.519,  7.697,    98
18.511, -1.946,   none, 2D,  6.081,  3.578,  7.697,    98
20.195, -2.260,  Li_i3, 3D,  2.833,  0.742,  7.288,    86
20.293, -2.247,   none, 3D,  2.888,  0.742,  7.206,    86
20.376, -2.202,   none, 3D,  2.874,  0.741,  7.124,    86
20.459, -2.125,   none, 3D,  2.860,  0.741,  7.042,    86
20.542, -2.013,   none, 3D,  2.847,  0.740,  6.960,    86
20.625, -1.865,   none, 3D,  2.833,  0.740,  6.878,    86
20.723, -1.684,   none, 3D,  2.887,  0.740,  6.796,    86
20.806, -1.469,   none, 3D,  2.874,  0.739,  6.715,    86
20.889, -1.219,   none, 3D,  2.860,  0.739,  6.633,    86
20.972, -0.936,   none, 3D,  2.847,  0.739,  6.551,    86
21.055, -0.622,   none, 3D,  2.833,  0.738,  6.469,    86
21.153, -0.295,   none, 3D,  2.887,  0.738,  6.387,    86
21.236,  0.048,   none, 3D,  2.874,  0.737,  6.305,    86
21.319,  0.400,   none, 3D,  2.860,  0.737,  6.223,    86
21.402,  0.758,   none, 3D,  2.847,  0.737,  6.141,    86
21.506,  1.120,   none, 3D,  2.867,  0.677,  6.060,    86
21.604,  1.505,   none, 3D,  2.921,  0.677,  5.978,    86
21.702,  1.947,   none, 3D,  2.975,  0.676,  5.896,    86
21.800,  2.440,   none, 3D,  3.029,  0.676,  5.814,    86
21.903,  2.997,   none, 3D,  3.050,  0.617,  5.732,    86
22.007,  3.689,   none, 3D,  3.070,  0.557,  5.650,    86
22.110,  4.502,   none, 3D,  3.091,  0.498,  5.568,    86
22.213,  5.406,   none, 3D,  3.111,  0.438,  5.486,    86
22.316,  6.357,   none, 3D,  3.131,  0.379,  5.404,    86
22.419,  7.301,   none, 3D,  3.152,  0.320,  5.323,    86
22.523,  8.179,   none, 3D,  3.172,  0.260,  5.241,    86
22.626,  8.931,   none, 3D,  3.192,  0.201,  5.159,    86
22.729,  9.508,   none, 3D,  3.213,  0.141,  5.077,    86
22.832,  9.871,   none, 3D,  3.233,  0.082,  4.995,    86
22.935,  9.994, saddle, 3D,  3.254,  0.022,  4.913,    86
23.039,  9.871,   none, 3D,  5.707,  4.214,  4.831,    86
23.142,  9.508,   none, 3D,  5.727,  4.155,  4.749,    86
23.245,  8.931,   none, 3D,  5.747,  4.096,  4.667,    86
23.348,  8.179,   none, 3D,  5.768,  4.036,  4.586,    86
23.451,  7.301,   none, 3D,  5.788,  3.977,  4.504,    86
23.555,  6.357,   none, 3D,  5.809,  3.917,  4.422,    86
23.658,  5.406,   none, 3D,  5.829,  3.858,  4.340,    86
23.761,  4.502,   none, 3D,  5.849,  3.799,  4.258,    86
23.864,  3.689,   none, 3D,  5.870,  3.739,  4.176,    86
23.968,  2.997,   none, 3D,  5.890,  3.680,  4.094,    86
24.071,  2.440,   none, 3D,  5.910,  3.620,  4.012,    86
24.169,  1.947,   none, 3D,  5.965,  3.620,  3.931,    86
24.267,  1.505,   none, 3D,  6.019,  3.620,  3.849,    86
24.365,  1.120,   none, 3D,  6.073,  3.619,  3.767,    86
24.468,  0.758,   none, 3D,  6.093,  3.560,  3.685,    86
24.551,  0.400,   none, 3D,  6.080,  3.559,  3.603,    86
24.634,  0.048,   none, 3D,  6.066,  3.559,  3.521,    86
24.717, -0.295,   none, 3D,  6.053,  3.559,  3.439,    86
24.816, -0.622,   none, 3D,  6.107,  3.558,  3.357,    86
24.899, -0.936,   none, 3D,  6.093,  3.558,  3.275,    86
24.982, -1.219,   none, 3D,  6.080,  3.557,  3.194,    86
25.065, -1.469,   none, 3D,  6.066,  3.557,  3.112,    86
25.148, -1.684,   none, 3D,  6.052,  3.557,  3.030,    86
25.246, -1.865,   none, 3D,  6.107,  3.556,  2.948,    86
25.329, -2.013,   none, 3D,  6.093,  3.556,  2.866,    86
25.412, -2.125,   none, 3D,  6.079,  3.556,  2.784,    86
25.495, -2.202,   none, 3D,  6.066,  3.555,  2.702,    86
25.578, -2.247,   none, 3D,  6.052,  3.555,  2.620,    86
27.263, -1.951,  Li_i1, 3D,  2.787,  3.553,  2.129,     1
27.346, -1.921,   none, 3D,  2.773,  3.552,  2.047,     1
27.429, -1.815,   none, 3D,  2.760,  3.552,  1.965,     1
27.532, -1.645,   none, 3D,  2.780,  3.492,  1.883,     1
27.635, -1.423,   none, 3D,  2.800,  3.551,  1.801,     1
27.718, -1.159,   none, 3D,  2.787,  3.551,  1.720,     1
27.801, -0.856,   none, 3D,  2.773,  3.550,  1.638,     1
27.884, -0.521,   none, 3D,  2.759,  3.550,  1.556,     1
27.967, -0.164,   none, 3D,  2.746,  3.550,  1.474,     1
28.065,  0.210,   none, 3D,  2.800,  3.549,  1.392,     1
28.148,  0.574,   none, 3D,  2.787,  3.549,  1.310,     1
28.231,  0.937,   none, 3D,  2.773,  3.549,  1.228,     1
28.314,  1.293,   none, 3D,  2.759,  3.548,  1.146,     1
28.397,  1.640,   none, 3D,  2.746,  3.548,  1.065,     1
28.496,  1.964,   none, 3D,  2.800,  3.547,  0.983,     1
28.607,  2.328,   none, 3D,  2.752,  3.606,  0.901,     1
28.710,  2.756,   none, 3D,  2.773,  3.665,  0.819,     1
28.812,  3.248,   none, 3D,  2.793,  3.723,  0.737,     1
28.915,  3.799,   none, 3D,  2.813,  3.782,  0.655,     1
29.027,  4.511,   none, 3D,  2.765,  3.841,  0.573,     1
29.138,  5.362,   none, 3D,  2.718,  3.899,  0.491,     1
29.249,  6.291,   none, 3D,  2.670,  3.958,  0.409,     1
29.361,  7.219,   none, 3D,  2.623,  4.017,  0.328,     1
29.472,  8.061,   none, 3D,  2.575,  4.075,  0.246,     1
29.584,  8.734,   none, 3D,  2.528,  4.134,  0.164,     1
29.695,  9.169,   none, 3D,  2.480,  4.193,  0.082,     1
29.806,  9.319, saddle, 3D,  0.000,  0.000,  0.000,     1
29.918,  9.169,   none, 3D,  6.460,  0.104,  9.744,     1
30.029,  8.734,   none, 3D,  6.412,  0.162,  9.662,     1
30.140,  8.061,   none, 3D,  6.365,  0.221,  9.581,     1
30.252,  7.219,   none, 3D,  6.317,  0.280,  9.499,     1
30.363,  6.291,   none, 3D,  6.269,  0.338,  9.417,     1
30.475,  5.362,   none, 3D,  6.222,  0.397,  9.335,     1
30.586,  4.511,   none, 3D,  6.174,  0.456,  9.253,     1
30.697,  3.799,   none, 3D,  6.127,  0.514,  9.171,     1
30.800,  3.248,   none, 3D,  6.147,  0.573,  9.089,     1
30.903,  2.756,   none, 3D,  6.167,  0.632,  9.007,     1
31.006,  2.328,   none, 3D,  6.187,  0.690,  8.926,     1
31.117,  1.964,   none, 3D,  6.140,  0.749,  8.844,     1
31.215,  1.640,   none, 3D,  6.194,  0.749,  8.762,     1
31.298,  1.293,   none, 3D,  6.181,  0.748,  8.680,     1
31.381,  0.937,   none, 3D,  6.167,  0.748,  8.598,     1
31.464,  0.574,   none, 3D,  6.153,  0.747,  8.516,     1
31.547,  0.210,   none, 3D,  6.140,  0.747,  8.434,     1
31.645, -0.164,   none, 3D,  6.194,  0.747,  8.352,     1
31.728, -0.521,   none, 3D,  6.180,  0.746,  8.270,     1
31.811, -0.856,   none, 3D,  6.167,  0.746,  8.189,     1
31.894, -1.159,   none, 3D,  6.153,  0.746,  8.107,     1
31.977, -1.423,   none, 3D,  6.140,  0.745,  8.025,     1
32.080, -1.645,   none, 3D,  6.160,  0.804,  7.943,     1
32.183, -1.815,   none, 3D,  6.180,  0.744,  7.861,     1
32.266, -1.921,   none, 3D,  6.167,  0.744,  7.779,     1
37.527, -1.713,  Li_i4, 0D,  1.949,  2.257,  2.784,    20
37.595, -1.713,   none, 0D,  1.983,  2.198,  2.784,    20
37.663, -1.710,   none, 0D,  2.051,  2.198,  2.784,    20
37.731, -1.702,   none, 0D,  2.118,  2.198,  2.784,    20
37.798, -1.690,   none, 0D,  2.186,  2.198,  2.784,    20
37.932, -1.686, saddle, 0D,  2.274,  2.256,  2.702,    20
38.000, -1.690,   none, 0D,  2.342,  2.256,  2.702,    20
38.067, -1.698,   none, 0D,  2.410,  2.256,  2.702,    20
38.135, -1.711,   none, 0D,  2.477,  2.256,  2.702,    20
38.203, -1.729,   none, 0D,  2.545,  2.256,  2.702,    20
38.337, -1.761,   none, 0D,  2.633,  2.315,  2.620,    20
38.404, -1.808,   none, 0D,  2.701,  2.315,  2.620,    20
38.472, -1.857,   none, 0D,  2.768,  2.315,  2.620,    20
38.540, -1.908,   none, 0D,  2.836,  2.315,  2.620,    20
38.674, -1.972,   none, 0D,  2.924,  2.374,  2.538,    20
38.741, -2.035,   none, 0D,  2.992,  2.374,  2.538,    20
38.809, -2.094,   none, 0D,  3.060,  2.374,  2.538,    20
38.877, -2.149,   none, 0D,  3.094,  2.314,  2.538,    20
38.945, -2.201,   none, 0D,  3.161,  2.314,  2.538,    20
39.013, -2.249,   none, 0D,  3.229,  2.314,  2.538,    20
39.080, -2.290,   none, 0D,  3.297,  2.314,  2.538,    20
39.149, -2.326,   none, 0D,  3.331,  2.255,  2.538,    20
39.216, -2.357,   none, 0D,  3.399,  2.255,  2.538,    20
39.284, -2.382,   none, 0D,  3.466,  2.255,  2.538,    20
39.352, -2.400,   none, 0D,  3.500,  2.196,  2.538,    20
39.420, -2.414,   none, 0D,  3.568,  2.196,  2.538,    20
39.488, -2.421,   none, 0D,  3.636,  2.196,  2.538,    20
39.556, -2.423,    Li2, 0D,  3.670,  2.137,  2.538,    33
39.624, -2.421,   none, 0D,  3.636,  2.196,  2.538,    33
39.692, -2.410,   none, 0D,  3.602,  2.255,  2.538,    33
39.760, -2.390,   none, 0D,  3.568,  2.314,  2.538,    33
39.828, -2.360,   none, 0D,  3.534,  2.374,  2.538,    33
39.940, -2.326,   none, 0D,  3.486,  2.432,  2.457,    33
40.008, -2.285,   none, 0D,  3.452,  2.491,  2.457,    33
40.076, -2.235,   none, 0D,  3.418,  2.550,  2.457,    33
40.144, -2.176,   none, 0D,  3.384,  2.609,  2.457,    33
40.255, -2.124,   none, 0D,  3.337,  2.668,  2.375,    33
40.324, -2.071,   none, 0D,  3.303,  2.727,  2.375,    33
40.392, -2.014,   none, 0D,  3.269,  2.786,  2.375,    33
40.503, -1.966,   none, 0D,  3.221,  2.845,  2.293,    33
40.571, -1.930,   none, 0D,  3.187,  2.904,  2.293,    33
40.639, -1.894,   none, 0D,  3.154,  2.963,  2.293,    33
40.751, -1.864,   none, 0D,  3.106,  3.022,  2.211,    33
40.819, -1.860,   none, 0D,  3.072,  3.081,  2.211,    33
40.887, -1.860, saddle, 0D,  3.038,  3.140,  2.211,    33
40.955, -1.861,   none, 0D,  3.004,  3.199,  2.211,    33
41.066, -1.873,   none, 0D,  2.957,  3.257,  2.129,    33
41.134, -1.898,   none, 0D,  2.923,  3.316,  2.129,    33
41.203, -1.921,   none, 0D,  2.889,  3.375,  2.129,    33
41.271, -1.939,   none, 0D,  2.855,  3.435,  2.129,    33
41.339, -1.950,   none, 0D,  2.821,  3.494,  2.129,    33
41.407, -1.951,  Li_i1, 0D,  2.787,  3.553,  2.129,   167
41.475, -1.947,   none, 0D,  2.719,  3.553,  2.129,   167
41.542, -1.933,   none, 0D,  2.651,  3.553,  2.129,   167
41.610, -1.914,   none, 0D,  2.584,  3.553,  2.129,   167
41.678, -1.891,   none, 0D,  2.516,  3.553,  2.129,   167
41.776, -1.869,   none, 0D,  2.462,  3.553,  2.211,   167
41.844, -1.864,   none, 0D,  2.394,  3.553,  2.211,   167
41.912, -1.861,   none, 0D,  7.204,  3.553,  2.211,   167
41.979, -1.859, saddle, 0D,  7.136,  3.553,  2.211,   167
42.113, -1.869,   none, 0D,  7.048,  3.494,  2.293,   167
42.231, -1.895,   none, 0D,  6.947,  3.435,  2.293,   167
42.298, -1.918,   none, 0D,  6.879,  3.435,  2.293,   167
42.432, -1.957,   none, 0D,  6.791,  3.377,  2.375,   167
42.500, -1.996,   none, 0D,  6.723,  3.377,  2.375,   167
42.633, -2.040,   none, 0D,  6.635,  3.318,  2.457,   167
42.751, -2.085,   none, 0D,  6.534,  3.259,  2.457,   167
42.819, -2.120,   none, 0D,  6.500,  3.318,  2.457,   167
42.953, -2.151,   none, 0D,  6.412,  3.259,  2.538,   167
43.021, -2.178,   none, 0D,  6.378,  3.318,  2.538,   167
43.089, -2.202,   none, 0D,  6.310,  3.318,  2.538,   167
43.157, -2.221,   none, 0D,  6.276,  3.377,  2.538,   167
43.225, -2.237,   none, 0D,  6.242,  3.436,  2.538,   167
43.293, -2.248,   none, 0D,  6.208,  3.495,  2.538,   167
43.361, -2.256,   none, 0D,  6.140,  3.495,  2.538,   167
43.429, -2.260,  Li_i3, 0D,  6.106,  3.554,  2.538,     8
43.497, -2.257,   none, 0D,  6.073,  3.495,  2.538,     8
43.565, -2.251,   none, 0D,  6.107,  3.436,  2.538,     8
43.633, -2.240,   none, 0D,  6.141,  3.377,  2.538,     8
43.701, -2.225,   none, 0D,  6.175,  3.318,  2.538,     8
43.769, -2.205,   none, 0D,  6.208,  3.259,  2.538,     8
43.837, -2.181,   none, 0D,  6.242,  3.200,  2.538,     8
43.906, -2.153,   none, 0D,  6.276,  3.141,  2.538,     8
43.974, -2.120,   none, 0D,  6.310,  3.082,  2.538,     8
44.042, -2.081,   none, 0D,  6.344,  3.023,  2.538,     8
44.110, -2.038,   none, 0D,  6.378,  2.964,  2.538,     8
44.178, -1.990,   none, 0D,  6.412,  2.905,  2.538,     8
44.289, -1.946,   none, 0D,  6.460,  2.846,  2.620,     8
44.358, -1.906,   none, 0D,  6.494,  2.787,  2.620,     8
44.426, -1.864,   none, 0D,  6.528,  2.728,  2.620,     8
44.494, -1.821,   none, 0D,  6.562,  2.669,  2.620,     8
44.605, -1.783,   none, 0D,  6.609,  2.610,  2.702,     8
44.673, -1.763,   none, 0D,  6.643,  2.551,  2.702,     8
44.741, -1.747,   none, 0D,  6.677,  2.492,  2.702,     8
44.810, -1.733,   none, 0D,  1.833,  2.433,  2.702,     8
44.878, -1.720,   none, 0D,  1.867,  2.374,  2.702,     8
44.946, -1.710, saddle, 0D,  1.901,  2.315,  2.702,     8
