r_coor, energy,   site, dn,      x,      y,      z, index
 3.265, -2.819,    Li1, 1D,  3.420,  2.939,  2.476,    12
 3.347, -2.818,   none, 1D,  3.464,  2.871,  2.476,    12
 3.409, -2.811,   none, 1D,  3.527,  2.871,  2.476,    12
 3.471, -2.795,   none, 1D,  3.589,  2.871,  2.476,    12
 3.563, -2.771,   none, 1D,  3.639,  2.855,  2.401,    12
 3.670, -2.738,   none, 1D,  3.695,  2.803,  2.476,    12
 3.732, -2.698,   none, 1D,  3.758,  2.803,  2.476,    12
 3.794, -2.646,   none, 1D,  3.820,  2.803,  2.476,    12
 3.902, -2.583,   none, 1D,  3.876,  2.752,  2.551,    12
 4.008, -2.519,   none, 1D,  0.971,  2.768,  2.626,    12
 4.070, -2.451,   none, 1D,  1.034,  2.768,  2.626,    12
 4.178, -2.382,   none, 1D,  1.090,  2.717,  2.701,    12
 4.284, -2.319,   none, 1D,  1.164,  2.733,  2.776,    12
 4.346, -2.259,   none, 1D,  1.226,  2.733,  2.776,    12
 4.454, -2.222,   none, 1D,  1.283,  2.682,  2.851,    12
 4.560, -2.195,   none, 1D,  1.357,  2.699,  2.926,    12
 4.668, -2.182, saddle, 1D,  1.414,  2.647,  3.001,    12
 4.774, -2.189,   none, 1D,  1.488,  2.664,  3.076,    12
 4.836, -2.215,   none, 1D,  1.550,  2.664,  3.076,    12
 4.944, -2.253,   none, 1D,  1.607,  2.612,  3.151,    12
 5.050, -2.303,   none, 1D,  1.681,  2.629,  3.226,    12
 5.112, -2.355,   none, 1D,  1.743,  2.629,  3.226,    12
 5.220, -2.402,   none, 1D,  1.800,  2.578,  3.301,    12
 5.282, -2.446,   none, 1D,  1.862,  2.578,  3.301,    12
 5.344, -2.470,   none, 1D,  1.924,  2.578,  3.301,    12
 5.406, -2.474,  Li_i1, 1D,  1.986,  2.578,  3.301,    28
 5.468, -2.459,   none, 1D,  2.048,  2.578,  3.301,    28
 5.530, -2.423,   none, 1D,  2.110,  2.578,  3.301,    28
 5.622, -2.381,   none, 1D,  2.160,  2.561,  3.226,    28
 5.684, -2.328,   none, 1D,  2.222,  2.561,  3.226,    28
 5.797, -2.283,   none, 1D,  2.289,  2.612,  3.151,    28
 5.859, -2.234,   none, 1D,  2.352,  2.612,  3.151,    28
 5.972, -2.213,   none, 1D,  2.419,  2.664,  3.076,    28
 6.085, -2.196, saddle, 1D,  2.486,  2.715,  3.001,    28
 6.147, -2.199,   none, 1D,  2.548,  2.715,  3.001,    28
 6.261, -2.221,   none, 1D,  2.616,  2.767,  2.926,    28
 6.352, -2.251,   none, 1D,  2.666,  2.750,  2.851,    28
 6.457, -2.303,   none, 1D,  2.745,  2.818,  2.851,    28
 6.549, -2.363,   none, 1D,  2.795,  2.802,  2.776,    28
 6.662, -2.430,   none, 1D,  2.863,  2.853,  2.701,    28
 6.724, -2.497,   none, 1D,  2.925,  2.853,  2.701,    28
 6.837, -2.568,   none, 1D,  2.992,  2.905,  2.626,    28
 6.899, -2.628,   none, 1D,  3.054,  2.905,  2.626,    28
 7.013, -2.685,   none, 1D,  3.121,  2.956,  2.551,    28
 7.075, -2.731,   none, 1D,  3.183,  2.956,  2.551,    28
 7.166, -2.767,   none, 1D,  3.233,  2.939,  2.476,    28
 7.228, -2.795,   none, 1D,  3.296,  2.939,  2.476,    28
 7.290, -2.812,   none, 1D,  3.358,  2.939,  2.476,    28
 8.932, -2.474,  Li_i1, 2D,  1.986,  2.578,  3.301,    16
 9.009, -2.460,   none, 2D,  1.998,  2.594,  3.376,    16
 9.101, -2.418,   none, 2D,  1.948,  2.611,  3.451,    16
 9.179, -2.352,   none, 2D,  1.960,  2.628,  3.526,    16
 9.296, -2.282,   none, 2D,  1.989,  2.713,  3.601,    16
 9.414, -2.220,   none, 2D,  1.956,  2.798,  3.676,    16
 9.531, -2.174,   none, 2D,  1.985,  2.883,  3.751,    16
 9.649, -2.149, saddle, 2D,  1.953,  2.968,  3.826,    16
 9.727, -2.159,   none, 2D,  1.965,  2.984,  3.901,    16
 9.844, -2.193,   none, 2D,  1.994,  3.069,  3.976,    16
 9.962, -2.253,   none, 2D,  1.961,  3.154,  4.051,    16
10.079, -2.329,   none, 2D,  1.990,  3.239,  4.126,    16
10.197, -2.415,   none, 2D,  1.957,  3.324,  4.201,    16
10.275, -2.507,   none, 2D,  1.969,  3.341,  4.276,    16
10.392, -2.597,   none, 2D,  1.999,  3.426,  4.351,    16
10.510, -2.675,   none, 2D,  1.966,  3.511,  4.426,    16
10.587, -2.738,   none, 2D,  1.978,  3.527,  4.501,    16
10.705, -2.781,   none, 2D,  1.945,  3.612,  4.576,    16
10.783, -2.808,   none, 2D,  1.957,  3.629,  4.651,    16
12.426, -2.474,  Li_i1, 2D,  3.385,  3.939,  3.901,    35
12.497, -2.465,   none, 2D,  3.403,  4.008,  3.901,    35
12.567, -2.430,   none, 2D,  3.420,  4.076,  3.901,    35
12.658, -2.386,   none, 2D,  3.425,  4.127,  3.826,    35
12.740, -2.334,   none, 2D,  3.380,  4.196,  3.826,    35
12.810, -2.282,   none, 2D,  3.398,  4.264,  3.826,    35
12.881, -2.227,   none, 2D,  3.415,  4.332,  3.826,    35
12.951, -2.170,   none, 2D,  3.432,  4.400,  3.826,    35
13.042, -2.129,   none, 2D,  3.437,  4.452,  3.751,    35
13.124, -2.109,   none, 2D,  3.393,  4.520,  3.751,    35
13.194, -2.095,   none, 2D,  3.410,  4.588,  3.751,    35
13.264, -2.088, saddle, 2D,  3.427,  4.656,  3.751,    35
13.346, -2.090,   none, 2D,  3.382,  4.725,  3.751,    35
13.437, -2.116,   none, 2D,  3.388,  4.776,  3.676,    35
13.508, -2.156,   none, 2D,  3.405,  4.844,  3.676,    35
13.578, -2.200,   none, 2D,  3.422,  4.913,  3.676,    35
13.660, -2.247,   none, 2D,  3.377,  4.981,  3.676,    35
13.730, -2.303,   none, 2D,  3.395,  5.049,  3.676,    35
13.821, -2.359,   none, 2D,  3.400,  5.100,  3.601,    35
13.891, -2.421,   none, 2D,  3.417,  5.169,  3.601,    35
13.973, -2.477,   none, 2D,  3.372,  5.237,  3.601,    35
14.043, -2.532,   none, 2D,  3.390,  5.305,  3.601,    35
14.114, -2.578,   none, 2D,  3.407,  5.373,  3.601,    35
14.195, -2.616,   none, 2D,  3.362,  5.442,  3.601,    35
14.266, -2.647,   none, 2D,  3.379,  5.510,  3.601,    35
14.347, -2.667,   none, 2D,  3.335,  5.578,  3.601,    35
14.418, -2.680,   none, 2D,  3.352,  5.646,  3.601,    35
14.499, -2.684,    Li2, 2D,  2.064,  0.803,  3.601,    25
14.581, -2.680,   none, 2D,  2.019,  0.871,  3.601,    25
14.651, -2.667,   none, 2D,  2.037,  0.939,  3.601,    25
14.733, -2.647,   none, 2D,  1.992,  1.007,  3.601,    25
14.803, -2.616,   none, 2D,  2.009,  1.075,  3.601,    25
14.885, -2.578,   none, 2D,  1.964,  1.144,  3.601,    25
14.955, -2.532,   none, 2D,  1.982,  1.212,  3.601,    25
15.026, -2.477,   none, 2D,  1.999,  1.280,  3.601,    25
15.107, -2.421,   none, 2D,  1.954,  1.348,  3.601,    25
15.178, -2.359,   none, 2D,  1.971,  1.417,  3.601,    25
15.269, -2.303,   none, 2D,  1.977,  1.468,  3.526,    25
15.339, -2.247,   none, 2D,  1.994,  1.536,  3.526,    25
15.421, -2.200,   none, 2D,  1.949,  1.604,  3.526,    25
15.491, -2.156,   none, 2D,  1.966,  1.673,  3.526,    25
15.562, -2.116,   none, 2D,  1.984,  1.741,  3.526,    25
15.653, -2.090,   none, 2D,  1.989,  1.792,  3.451,    25
15.734, -2.088, saddle, 2D,  1.944,  1.861,  3.451,    25
15.805, -2.095,   none, 2D,  1.961,  1.929,  3.451,    25
15.875, -2.109,   none, 2D,  1.979,  1.997,  3.451,    25
15.957, -2.129,   none, 2D,  1.934,  2.065,  3.451,    25
16.048, -2.170,   none, 2D,  1.939,  2.117,  3.376,    25
16.118, -2.227,   none, 2D,  1.956,  2.185,  3.376,    25
16.189, -2.282,   none, 2D,  1.974,  2.253,  3.376,    25
16.259, -2.334,   none, 2D,  1.991,  2.321,  3.376,    25
16.341, -2.386,   none, 2D,  1.946,  2.390,  3.376,    25
16.432, -2.430,   none, 2D,  1.951,  2.441,  3.301,    25
16.502, -2.465,   none, 2D,  1.969,  2.509,  3.301,    25
18.283, -2.819,    Li1, 3D,  1.952,  3.577,  4.726,     6
18.375, -2.816,   none, 3D,  1.901,  3.594,  4.801,     6
18.453, -2.802,   none, 3D,  1.913,  3.611,  4.876,     6
18.531, -2.775,   none, 3D,  1.925,  3.628,  4.951,     6
18.608, -2.734,   none, 3D,  1.937,  3.644,  5.026,     6
18.700, -2.681,   none, 3D,  1.887,  3.661,  5.101,     6
18.778, -2.616,   none, 3D,  1.899,  3.678,  5.176,     6
18.856, -2.535,   none, 3D,  1.911,  3.695,  5.251,     6
18.934, -2.441,   none, 3D,  1.923,  3.711,  5.326,     6
19.052, -2.335,   none, 3D,  1.890,  3.796,  5.401,     6
19.129, -2.230,   none, 3D,  1.902,  3.813,  5.476,     6
19.207, -2.116,   none, 3D,  1.914,  3.830,  5.551,     6
19.325, -2.009,   none, 3D,  1.882,  3.915,  5.626,     6
19.403, -1.914,   none, 3D,  1.894,  3.931,  5.702,     6
19.481, -1.823,   none, 3D,  1.905,  3.948,  5.777,     6
19.599, -1.756,   none, 3D,  1.873,  4.033,  5.852,     6
19.676, -1.709,   none, 3D,  1.885,  4.050,  5.927,     6
19.754, -1.672,   none, 3D,  1.897,  4.066,  6.002,     6
19.871, -1.652, saddle, 3D,  1.926,  4.151,  6.077,     6
19.963, -1.654,   none, 3D,  1.876,  4.168,  6.152,     6
20.041, -1.663,   none, 3D,  1.888,  4.185,  6.227,     6
20.147, -1.673,   none, 3D,  1.962,  4.201,  6.302,     6
20.225, -1.681,  Li_i2, 3D,  1.974,  4.218,  6.377,     8
20.332, -1.680, saddle, 3D,  2.048,  4.235,  6.452,     8
20.439, -1.689,   none, 3D,  2.105,  4.183,  6.527,     8
20.546, -1.723,   none, 3D,  2.179,  4.200,  6.602,     8
20.653, -1.764,   none, 3D,  2.253,  4.217,  6.677,     8
20.760, -1.832,   none, 3D,  2.309,  4.165,  6.752,     8
20.867, -1.922,   none, 3D,  2.383,  4.182,  6.827,     8
20.974, -2.018,   none, 3D,  2.440,  4.131,  6.902,     8
21.081, -2.138,   none, 3D,  2.514,  4.147,  6.977,     8
21.187, -2.243,   none, 3D,  2.588,  4.164,  7.052,     8
21.295, -2.359,   none, 3D,  2.645,  4.113,  7.127,     8
21.401, -2.447,   none, 3D,  1.570,  2.524,  0.000,     8
21.463, -2.518,   none, 3D,  1.632,  2.524,  0.000,     8
21.525, -2.578,   none, 3D,  1.694,  2.524,  0.000,     8
21.587, -2.628,   none, 3D,  1.756,  2.524,  0.000,     8
21.650, -2.668,   none, 3D,  1.818,  2.524,  0.000,     8
21.712, -2.699,   none, 3D,  1.880,  2.524,  0.000,     8
21.793, -2.722,   none, 3D,  1.925,  2.456,  0.000,     8
21.855, -2.740,   none, 3D,  1.987,  2.456,  0.000,     8
21.917, -2.750,   none, 3D,  2.049,  2.456,  0.000,     8
21.979, -2.753,    Li3, 3D,  2.111,  2.456,  0.000,    48
22.041, -2.750,   none, 3D,  2.173,  2.456,  0.000,    48
22.104, -2.740,   none, 3D,  2.235,  2.456,  0.000,    48
22.166, -2.722,   none, 3D,  2.297,  2.456,  0.000,    48
22.247, -2.699,   none, 3D,  2.342,  2.388,  0.000,    48
22.309, -2.668,   none, 3D,  2.404,  2.388,  0.000,    48
22.371, -2.628,   none, 3D,  2.466,  2.388,  0.000,    48
22.433, -2.578,   none, 3D,  2.528,  2.388,  0.000,    48
22.495, -2.518,   none, 3D,  2.590,  2.388,  0.000,    48
22.557, -2.447,   none, 3D,  2.652,  2.388,  0.000,    48
22.664, -2.359,   none, 3D,  2.726,  2.404,  0.075,    48
22.771, -2.243,   none, 3D,  2.783,  2.353,  0.150,    48
22.878, -2.138,   none, 3D,  2.857,  2.370,  0.225,    48
22.985, -2.018,   none, 3D,  2.931,  2.386,  0.300,    48
23.092, -1.922,   none, 3D,  2.988,  2.335,  0.375,    48
23.199, -1.832,   none, 3D,  3.062,  2.352,  0.450,    48
23.306, -1.764,   none, 3D,  3.119,  2.300,  0.525,    48
23.413, -1.723,   none, 3D,  3.193,  2.317,  0.600,    48
23.520, -1.689,   none, 3D,  3.267,  2.334,  0.675,    48
23.627, -1.680, saddle, 3D,  3.323,  2.282,  0.750,    48
23.734, -1.681,  Li_i2, 3D,  3.398,  2.299,  0.825,    51
23.811, -1.673,   none, 3D,  3.409,  2.315,  0.900,    51
23.918, -1.663,   none, 3D,  3.484,  2.332,  0.975,    51
23.996, -1.654,   none, 3D,  3.495,  2.349,  1.050,    51
24.088, -1.652, saddle, 3D,  3.445,  2.366,  1.125,    51
24.205, -1.672,   none, 3D,  3.475,  2.451,  1.200,    51
24.282, -1.709,   none, 3D,  3.487,  2.467,  1.275,    51
24.360, -1.756,   none, 3D,  3.499,  2.484,  1.350,    51
24.478, -1.823,   none, 3D,  3.466,  2.569,  1.425,    51
24.556, -1.914,   none, 3D,  3.478,  2.586,  1.500,    51
24.634, -2.009,   none, 3D,  3.490,  2.602,  1.575,    51
24.752, -2.116,   none, 3D,  3.457,  2.687,  1.650,    51
24.829, -2.230,   none, 3D,  3.469,  2.704,  1.725,    51
24.907, -2.335,   none, 3D,  3.481,  2.721,  1.800,    51
25.025, -2.441,   none, 3D,  3.448,  2.806,  1.875,    51
25.103, -2.535,   none, 3D,  3.460,  2.822,  1.951,    51
25.181, -2.616,   none, 3D,  3.472,  2.839,  2.026,    51
25.259, -2.681,   none, 3D,  3.484,  2.856,  2.101,    51
25.350, -2.734,   none, 3D,  3.434,  2.873,  2.176,    51
25.428, -2.775,   none, 3D,  3.446,  2.889,  2.251,    51
25.506, -2.802,   none, 3D,  3.458,  2.906,  2.326,    51
25.584, -2.816,   none, 3D,  3.470,  2.923,  2.401,    51
28.381, -2.753,    Li3, 0D,  2.111,  2.456,  0.000,    26
28.459, -2.741,   none, 0D,  2.123,  2.473,  0.075,    26
28.577, -2.709,   none, 0D,  2.090,  2.558,  0.150,    26
28.655, -2.656,   none, 0D,  2.102,  2.574,  0.225,    26
28.772, -2.584,   none, 0D,  2.131,  2.659,  0.300,    26
28.864, -2.499,   none, 0D,  2.081,  2.676,  0.375,    26
28.981, -2.397,   none, 0D,  2.110,  2.761,  0.450,    26
29.059, -2.296,   none, 0D,  2.122,  2.778,  0.525,    26
29.136, -2.184,   none, 0D,  2.134,  2.794,  0.600,    26
29.254, -2.081,   none, 0D,  2.102,  2.879,  0.675,    26
29.332, -1.984,   none, 0D,  2.114,  2.896,  0.750,    26
29.410, -1.888,   none, 0D,  2.125,  2.913,  0.825,    26
29.528, -1.822,   none, 0D,  2.093,  2.998,  0.900,    26
29.606, -1.765,   none, 0D,  2.105,  3.014,  0.975,    26
29.684, -1.715,   none, 0D,  2.117,  3.031,  1.050,    26
29.802, -1.680,   none, 0D,  2.084,  3.116,  1.125,    26
29.879, -1.660,   none, 0D,  2.096,  3.133,  1.200,    26
29.986, -1.640,   none, 0D,  2.170,  3.150,  1.275,    26
30.093, -1.604,   none, 0D,  2.244,  3.166,  1.350,    26
30.200, -1.579,   none, 0D,  2.301,  3.115,  1.425,    26
30.307, -1.574, saddle, 0D,  2.375,  3.131,  1.500,    26
30.413, -1.582,   none, 0D,  2.449,  3.148,  1.575,    26
30.521, -1.614,   none, 0D,  2.505,  3.097,  1.650,    26
30.627, -1.689,   none, 0D,  2.579,  3.113,  1.725,    26
30.734, -1.773,   none, 0D,  2.653,  3.130,  1.800,    26
30.841, -1.892,   none, 0D,  2.710,  3.079,  1.875,    26
30.948, -2.017,   none, 0D,  2.784,  3.095,  1.951,    26
31.055, -2.154,   none, 0D,  2.841,  3.044,  2.026,    26
31.162, -2.289,   none, 0D,  2.915,  3.061,  2.101,    26
31.269, -2.421,   none, 0D,  2.972,  3.009,  2.176,    26
31.376, -2.536,   none, 0D,  3.046,  3.026,  2.251,    26
31.483, -2.638,   none, 0D,  3.103,  2.974,  2.326,    26
31.590, -2.714,   none, 0D,  3.177,  2.991,  2.401,    26
31.697, -2.767,   none, 0D,  3.233,  2.939,  2.476,    26
31.759, -2.795,   none, 0D,  3.296,  2.939,  2.476,    26
31.821, -2.812,   none, 0D,  3.358,  2.939,  2.476,    26
31.883, -2.819,    Li1, 0D,  3.420,  2.939,  2.476,    50
31.975, -2.816,   none, 0D,  3.470,  2.923,  2.401,    50
32.053, -2.802,   none, 0D,  3.458,  2.906,  2.326,    50
32.131, -2.775,   none, 0D,  3.446,  2.889,  2.251,    50
32.209, -2.734,   none, 0D,  3.434,  2.873,  2.176,    50
32.300, -2.681,   none, 0D,  3.484,  2.856,  2.101,    50
32.378, -2.616,   none, 0D,  3.472,  2.839,  2.026,    50
32.456, -2.535,   none, 0D,  3.460,  2.822,  1.951,    50
32.534, -2.441,   none, 0D,  3.448,  2.806,  1.875,    50
32.652, -2.335,   none, 0D,  3.481,  2.721,  1.800,    50
32.729, -2.230,   none, 0D,  3.469,  2.704,  1.725,    50
32.807, -2.116,   none, 0D,  3.457,  2.687,  1.650,    50
32.925, -2.009,   none, 0D,  3.490,  2.602,  1.575,    50
33.003, -1.914,   none, 0D,  3.478,  2.586,  1.500,    50
33.081, -1.823,   none, 0D,  3.466,  2.569,  1.425,    50
33.199, -1.756,   none, 0D,  3.499,  2.484,  1.350,    50
33.277, -1.709,   none, 0D,  3.487,  2.467,  1.275,    50
33.354, -1.672,   none, 0D,  3.475,  2.451,  1.200,    50
33.471, -1.652, saddle, 0D,  3.445,  2.366,  1.125,    50
33.563, -1.654,   none, 0D,  3.495,  2.349,  1.050,    50
33.641, -1.663,   none, 0D,  3.484,  2.332,  0.975,    50
33.748, -1.673,   none, 0D,  3.409,  2.315,  0.900,    50
33.825, -1.681,  Li_i2, 0D,  3.398,  2.299,  0.825,    49
33.932, -1.680, saddle, 0D,  3.323,  2.282,  0.750,    49
34.039, -1.689,   none, 0D,  3.267,  2.334,  0.675,    49
34.146, -1.723,   none, 0D,  3.193,  2.317,  0.600,    49
34.253, -1.764,   none, 0D,  3.119,  2.300,  0.525,    49
34.360, -1.832,   none, 0D,  3.062,  2.352,  0.450,    49
34.467, -1.922,   none, 0D,  2.988,  2.335,  0.375,    49
34.574, -2.018,   none, 0D,  2.931,  2.386,  0.300,    49
34.681, -2.138,   none, 0D,  2.857,  2.370,  0.225,    49
34.787, -2.243,   none, 0D,  2.783,  2.353,  0.150,    49
34.895, -2.359,   none, 0D,  2.726,  2.404,  0.075,    49
35.001, -2.447,   none, 0D,  2.652,  2.388,  0.000,    49
35.063, -2.518,   none, 0D,  2.590,  2.388,  0.000,    49
35.126, -2.578,   none, 0D,  2.528,  2.388,  0.000,    49
35.188, -2.628,   none, 0D,  2.466,  2.388,  0.000,    49
35.250, -2.668,   none, 0D,  2.404,  2.388,  0.000,    49
35.312, -2.699,   none, 0D,  2.342,  2.388,  0.000,    49
35.393, -2.722,   none, 0D,  2.297,  2.456,  0.000,    49
35.455, -2.740,   none, 0D,  2.235,  2.456,  0.000,    49
35.517, -2.750,   none, 0D,  2.173,  2.456,  0.000,    49
