r_coor, energy,   site, dn,      x,      y,      z, index
 2.553, -2.492,    Li2, 1D, -0.856,  0.000,  2.405,    20
 2.623, -2.485,   none, 1D, -0.787,  0.000,  2.405,    20
 2.704, -2.479,   none, 1D, -0.741,  0.000,  2.472,    20
 2.773, -2.460,   none, 1D, -0.671,  0.000,  2.472,    20
 2.854, -2.441,   none, 1D, -0.625,  0.000,  2.539,    20
 2.924, -2.413,   none, 1D, -0.555,  0.000,  2.539,    20
 3.005, -2.380,   none, 1D, -0.510,  0.000,  2.605,    20
 3.075, -2.346,   none, 1D, -0.440,  0.000,  2.605,    20
 3.144, -2.304,   none, 1D, -0.370,  0.000,  2.605,    20
 3.225, -2.268,   none, 1D, -0.324,  0.000,  2.672,    20
 3.295, -2.230,   none, 1D, -0.255,  0.000,  2.672,    20
 3.365, -2.189,   none, 1D, -0.185,  0.000,  2.672,    20
 3.446, -2.159,   none, 1D, -0.139,  0.000,  2.739,    20
 3.515, -2.134,   none, 1D, -0.069,  0.000,  2.739,    20
 3.585, -2.111,   none, 1D,  0.000,  0.000,  2.739,    20
 3.666, -2.099, saddle, 1D,  0.046,  0.000,  2.806,    20
 3.736, -2.101,   none, 1D,  0.116,  0.000,  2.806,    20
 3.806, -2.107,   none, 1D,  0.185,  0.000,  2.806,    20
 3.887, -2.118,   none, 1D,  0.231,  0.000,  2.873,    20
 3.956, -2.150,   none, 1D,  0.301,  0.000,  2.873,    20
 4.026, -2.186,   none, 1D,  0.371,  0.000,  2.873,    20
 4.096, -2.222,   none, 1D,  0.440,  0.000,  2.873,    20
 4.177, -2.266,   none, 1D,  0.486,  0.000,  2.939,    20
 4.246, -2.315,   none, 1D,  0.556,  0.000,  2.939,    20
 4.316, -2.357,   none, 1D,  0.626,  0.000,  2.939,    20
 4.386, -2.390,   none, 1D,  0.695,  0.000,  2.939,    20
 4.467, -2.417,   none, 1D,  0.741,  0.000,  3.006,    20
 4.536, -2.426,  Li_i1, 1D,  0.811,  0.000,  3.006,    40
 4.627, -2.407,   none, 1D,  0.811,  0.090,  3.006,    40
 4.741, -2.355,   none, 1D,  0.835,  0.180,  2.939,    40
 4.855, -2.295,   none, 1D,  0.904,  0.271,  2.939,    40
 5.001, -2.235,   none, 1D,  0.998,  0.361,  2.873,    40
 5.116, -2.190,   none, 1D,  1.021,  0.451,  2.806,    40
 5.230, -2.175, saddle, 1D,  1.091,  0.541,  2.806,    40
 5.376, -2.191,   none, 1D,  1.185,  0.632,  2.739,    40
 5.522, -2.232,   none, 1D,  1.278,  0.722,  2.672,    40
 5.668, -2.291,   none, 1D,  1.372,  0.812,  2.605,    40
 5.815, -2.363,   none, 1D,  1.465,  0.902,  2.539,    40
 5.961, -2.433,   none, 1D,  1.558,  0.993,  2.472,    40
 6.107, -2.488,   none, 1D,  1.652,  1.083,  2.405,    40
 6.197, -2.518,   none, 1D,  1.652,  1.173,  2.405,    40
 6.287, -2.525,    Li1, 1D,  1.652,  1.263,  2.405,    50
 6.378, -2.518,   none, 1D,  1.652,  1.173,  2.405,    50
 6.468, -2.488,   none, 1D,  1.652,  1.083,  2.405,    50
 6.614, -2.433,   none, 1D,  1.745,  0.993,  2.338,    50
 6.760, -2.363,   none, 1D,  1.839,  0.902,  2.271,    50
 6.906, -2.291,   none, 1D,  1.932,  0.812,  2.205,    50
 7.052, -2.232,   none, 1D,  2.026,  0.722,  2.138,    50
 7.198, -2.191,   none, 1D,  2.119,  0.632,  2.071,    50
 7.344, -2.175, saddle, 1D,  2.213,  0.541,  2.004,    50
 7.458, -2.190,   none, 1D,  2.282,  0.451,  2.004,    50
 7.573, -2.235,   none, 1D,  2.306,  0.361,  1.937,    50
 7.719, -2.295,   none, 1D,  2.399,  0.271,  1.871,    50
 7.833, -2.355,   none, 1D,  2.469,  0.180,  1.871,    50
 7.948, -2.407,   none, 1D,  2.493,  0.090,  1.804,    50
 8.038, -2.426,  Li_i1, 1D,  2.493,  0.000,  1.804,    72
 8.108, -2.417,   none, 1D,  2.563,  0.000,  1.804,    72
 8.189, -2.390,   none, 1D,  2.608,  0.000,  1.871,    72
 8.259, -2.357,   none, 1D,  2.678,  0.000,  1.871,    72
 8.328, -2.315,   none, 1D,  2.748,  0.000,  1.871,    72
 8.398, -2.266,   none, 1D,  2.817,  0.000,  1.871,    72
 8.479, -2.222,   none, 1D,  2.863,  0.000,  1.937,    72
 8.549, -2.186,   none, 1D,  2.933,  0.000,  1.937,    72
 8.618, -2.150,   none, 1D,  3.003,  0.000,  1.937,    72
 8.688, -2.118,   none, 1D,  3.072,  0.000,  1.937,    72
 8.769, -2.107,   none, 1D,  3.118,  0.000,  2.004,    72
 8.839, -2.101,   none, 1D,  3.188,  0.000,  2.004,    72
 8.908, -2.099, saddle, 1D,  3.258,  0.000,  2.004,    72
 8.989, -2.111,   none, 1D,  3.303,  0.000,  2.071,    72
 9.059, -2.134,   none, 1D,  3.373,  0.000,  2.071,    72
 9.129, -2.159,   none, 1D,  3.443,  0.000,  2.071,    72
 9.210, -2.189,   none, 1D,  3.489,  0.000,  2.138,    72
 9.279, -2.230,   none, 1D,  3.558,  0.000,  2.138,    72
 9.349, -2.268,   none, 1D,  3.628,  0.000,  2.138,    72
 9.430, -2.304,   none, 1D,  3.674,  0.000,  2.205,    72
 9.500, -2.346,   none, 1D,  3.744,  0.000,  2.205,    72
 9.569, -2.380,   none, 1D,  3.813,  0.000,  2.205,    72
 9.651, -2.413,   none, 1D,  3.859,  0.000,  2.271,    72
 9.720, -2.441,   none, 1D,  3.929,  0.000,  2.271,    72
 9.801, -2.460,   none, 1D,  3.975,  0.000,  2.338,    72
 9.871, -2.479,   none, 1D,  4.044,  0.000,  2.338,    72
 9.952, -2.485,   none, 1D,  4.090,  0.000,  2.405,    72
11.790, -2.426,  Li_i1, 2D,  0.811,  0.000,  3.006,    44
11.861, -2.410,   none, 2D,  0.787,  0.000,  3.073,    44
11.932, -2.370,   none, 2D,  0.763,  0.000,  3.140,    44
12.013, -2.323,   none, 2D,  0.809,  0.000,  3.207,    44
12.084, -2.264,   none, 2D,  0.785,  0.000,  3.274,    44
12.165, -2.195,   none, 2D,  0.831,  0.000,  3.340,    44
12.235, -2.137,   none, 2D,  0.807,  0.000,  3.407,    44
12.306, -2.075,   none, 2D,  0.784,  0.000,  3.474,    44
12.387, -2.016,   none, 2D,  0.830,  0.000,  3.541,    44
12.458, -1.974,   none, 2D,  0.806,  0.000,  3.608,    44
12.529, -1.934,   none, 2D,  0.782,  0.000,  3.674,    44
12.610, -1.906,   none, 2D,  0.828,  0.000,  3.741,    44
12.681, -1.895,   none, 2D,  0.804,  0.000,  3.808,    44
12.752, -1.889, saddle, 2D,  0.780,  0.000,  3.875,    44
12.833, -1.896,   none, 2D,  0.826,  0.000,  3.942,    44
12.904, -1.917,   none, 2D,  0.802,  0.000,  4.008,    44
12.975, -1.940,   none, 2D,  0.779,  0.000,  4.075,    44
13.056, -1.973,   none, 2D,  0.825,  0.000,  4.142,    44
13.127, -2.012,   none, 2D,  0.801,  0.000,  4.209,    44
13.198, -2.048,   none, 2D,  0.777,  0.000,  4.276,    44
13.279, -2.090,   none, 2D,  0.823,  0.000,  4.342,    44
13.350, -2.130,   none, 2D,  0.799,  0.000,  4.409,    44
13.421, -2.163,   none, 2D,  0.775,  0.000,  4.476,    44
13.502, -2.195,   none, 2D,  0.821,  0.000,  4.543,    44
13.573, -2.222,   none, 2D,  0.797,  0.000,  4.610,    44
13.644, -2.238,   none, 2D,  0.774,  0.000,  4.676,    44
13.725, -2.250,   none, 2D,  0.819,  0.000,  4.743,    44
13.796, -2.256,    Li3, 2D,  2.508,  0.000,  0.000,    48
13.867, -2.250,   none, 2D,  2.484,  0.000,  0.067,    48
13.948, -2.238,   none, 2D,  2.530,  0.000,  0.134,    48
14.018, -2.222,   none, 2D,  2.506,  0.000,  0.200,    48
14.089, -2.195,   none, 2D,  2.483,  0.000,  0.267,    48
14.170, -2.163,   none, 2D,  2.528,  0.000,  0.334,    48
14.241, -2.130,   none, 2D,  2.505,  0.000,  0.401,    48
14.312, -2.090,   none, 2D,  2.481,  0.000,  0.468,    48
14.393, -2.048,   none, 2D,  2.527,  0.000,  0.534,    48
14.464, -2.012,   none, 2D,  2.503,  0.000,  0.601,    48
14.535, -1.973,   none, 2D,  2.479,  0.000,  0.668,    48
14.616, -1.940,   none, 2D,  2.525,  0.000,  0.735,    48
14.687, -1.917,   none, 2D,  2.501,  0.000,  0.802,    48
14.758, -1.896,   none, 2D,  2.478,  0.000,  0.868,    48
14.839, -1.889, saddle, 2D,  2.523,  0.000,  0.935,    48
14.910, -1.895,   none, 2D,  2.500,  0.000,  1.002,    48
14.981, -1.906,   none, 2D,  2.476,  0.000,  1.069,    48
15.062, -1.934,   none, 2D,  2.522,  0.000,  1.136,    48
15.133, -1.974,   none, 2D,  2.498,  0.000,  1.203,    48
15.204, -2.016,   none, 2D,  2.474,  0.000,  1.269,    48
15.285, -2.075,   none, 2D,  2.520,  0.000,  1.336,    48
15.356, -2.137,   none, 2D,  2.496,  0.000,  1.403,    48
15.427, -2.195,   none, 2D,  2.472,  0.000,  1.470,    48
15.508, -2.264,   none, 2D,  2.518,  0.000,  1.537,    48
15.579, -2.323,   none, 2D,  2.495,  0.000,  1.603,    48
15.660, -2.370,   none, 2D,  2.540,  0.000,  1.670,    48
15.731, -2.410,   none, 2D,  2.517,  0.000,  1.737,    48
19.275, -2.525,    Li1, 3D, -0.856,  5.595,  2.405,    10
19.365, -2.510,   none, 3D, -0.856,  5.686,  2.405,    10
19.455, -2.471,   none, 3D, -0.856,  5.776,  2.405,    10
19.546, -2.408,   none, 3D, -0.856,  5.866,  2.405,    10
19.636, -2.319,   none, 3D, -0.856,  5.956,  2.405,    10
19.726, -2.203,   none, 3D, -0.856,  6.047,  2.405,    10
19.816, -2.059,   none, 3D, -0.856,  6.137,  2.405,    10
19.930, -1.878,   none, 3D, -0.787,  6.227,  2.405,    10
20.076, -1.685,   none, 3D, -0.693,  6.317,  2.338,    10
20.223, -1.476,   none, 3D, -0.600,  6.408,  2.271,    10
20.337, -1.276,   none, 3D, -0.530,  6.498,  2.271,    10
20.483, -1.103,   none, 3D, -0.436,  6.588,  2.205,    10
20.597, -0.958,   none, 3D, -0.367,  6.678,  2.205,    10
20.743, -0.856,   none, 3D, -0.273,  6.769,  2.138,    10
20.857, -0.806,   none, 3D, -0.204,  6.859,  2.138,    10
20.971, -0.787, saddle, 3D, -0.134,  6.949,  2.138,    10
21.085, -0.797,   none, 3D, -0.064,  7.039,  2.138,    10
21.199, -0.831,   none, 3D,  0.005,  7.130,  2.138,    10
21.313, -0.875,   none, 3D,  0.075,  7.220,  2.138,    10
21.427, -0.906,   none, 3D,  0.145,  7.310,  2.138,    10
21.496, -0.924,   none, 3D,  0.214,  7.310,  2.138,    10
21.566, -0.948,   none, 3D,  0.284,  7.310,  2.138,    10
21.647, -0.980,   none, 3D,  0.330,  7.310,  2.205,    10
21.717, -1.044,   none, 3D,  0.400,  7.310,  2.205,    10
21.787, -1.115,   none, 3D,  0.469,  7.310,  2.205,    10
21.856, -1.192,   none, 3D,  0.539,  7.310,  2.205,    10
21.926, -1.273,   none, 3D,  0.609,  7.310,  2.205,    10
22.007, -1.377,   none, 3D,  0.654,  7.310,  2.271,    10
22.077, -1.489,   none, 3D,  0.724,  7.310,  2.271,    10
22.146, -1.598,   none, 3D,  0.794,  7.310,  2.271,    10
22.216, -1.704,   none, 3D,  0.863,  7.310,  2.271,    10
22.337, -1.824,   none, 3D,  0.909,  7.400,  2.338,    10
22.451, -1.937,   none, 3D,  0.979,  7.310,  2.338,    10
22.573, -2.040,   none, 3D,  1.025,  7.400,  2.405,    10
22.642, -2.146,   none, 3D,  1.095,  7.400,  2.405,    10
22.712, -2.237,   none, 3D,  1.164,  7.400,  2.405,    10
22.782, -2.316,   none, 3D,  1.234,  7.400,  2.405,    10
22.851, -2.381,   none, 3D,  1.304,  7.400,  2.405,    10
22.921, -2.433,   none, 3D,  1.373,  7.400,  2.405,    10
22.991, -2.474,   none, 3D,  1.443,  7.400,  2.405,    10
23.060, -2.503,   none, 3D,  1.513,  7.400,  2.405,    10
23.130, -2.520,   none, 3D,  1.582,  7.400,  2.405,    10
25.658, -2.525,    Li1, 3D,  1.652,  1.263,  2.405,     9
25.727, -2.520,   none, 3D,  1.582,  1.263,  2.405,     9
25.797, -2.503,   none, 3D,  1.513,  1.263,  2.405,     9
25.867, -2.474,   none, 3D,  1.443,  1.263,  2.405,     9
25.936, -2.433,   none, 3D,  1.373,  1.263,  2.405,     9
26.006, -2.381,   none, 3D,  1.304,  1.263,  2.405,     9
26.076, -2.316,   none, 3D,  1.234,  1.263,  2.405,     9
26.145, -2.237,   none, 3D,  1.164,  1.263,  2.405,     9
26.215, -2.146,   none, 3D,  1.095,  1.263,  2.405,     9
26.285, -2.040,   none, 3D,  1.025,  1.263,  2.405,     9
26.406, -1.937,   none, 3D,  0.979,  1.354,  2.338,     9
26.520, -1.824,   none, 3D,  0.909,  1.263,  2.338,     9
26.641, -1.704,   none, 3D,  0.863,  1.354,  2.271,     9
26.711, -1.598,   none, 3D,  0.794,  1.354,  2.271,     9
26.781, -1.489,   none, 3D,  0.724,  1.354,  2.271,     9
26.850, -1.377,   none, 3D,  0.654,  1.354,  2.271,     9
26.931, -1.273,   none, 3D,  0.609,  1.354,  2.205,     9
27.001, -1.192,   none, 3D,  0.539,  1.354,  2.205,     9
27.071, -1.115,   none, 3D,  0.469,  1.354,  2.205,     9
27.140, -1.044,   none, 3D,  0.400,  1.354,  2.205,     9
27.210, -0.980,   none, 3D,  0.330,  1.354,  2.205,     9
27.291, -0.948,   none, 3D,  0.284,  1.354,  2.138,     9
27.361, -0.924,   none, 3D,  0.214,  1.354,  2.138,     9
27.431, -0.906,   none, 3D,  0.145,  1.354,  2.138,     9
27.545, -0.875,   none, 3D,  0.075,  1.444,  2.138,     9
27.659, -0.831,   none, 3D,  0.005,  1.534,  2.138,     9
27.773, -0.797,   none, 3D, -0.064,  1.624,  2.138,     9
27.887, -0.787, saddle, 3D, -0.134,  1.715,  2.138,     9
28.001, -0.806,   none, 3D, -0.204,  1.805,  2.138,     9
28.115, -0.856,   none, 3D, -0.273,  1.895,  2.138,     9
28.261, -0.958,   none, 3D, -0.367,  1.985,  2.205,     9
28.375, -1.103,   none, 3D, -0.436,  2.076,  2.205,     9
28.521, -1.276,   none, 3D, -0.530,  2.166,  2.271,     9
28.635, -1.476,   none, 3D, -0.600,  2.256,  2.271,     9
28.781, -1.685,   none, 3D, -0.693,  2.346,  2.338,     9
28.927, -1.878,   none, 3D, -0.787,  2.437,  2.405,     9
29.041, -2.059,   none, 3D, -0.856,  2.527,  2.405,     9
29.131, -2.203,   none, 3D, -0.856,  2.617,  2.405,     9
29.221, -2.319,   none, 3D, -0.856,  2.707,  2.405,     9
29.312, -2.408,   none, 3D, -0.856,  2.798,  2.405,     9
29.402, -2.471,   none, 3D, -0.856,  2.888,  2.405,     9
29.492, -2.510,   none, 3D, -0.856,  2.978,  2.405,     9
32.958, -2.426,  Li_i1, 0D,  0.811,  0.000,  3.006,    42
33.048, -2.407,   none, 0D,  0.811,  8.574,  3.006,    42
33.163, -2.355,   none, 0D,  0.835,  8.483,  2.939,    42
33.277, -2.295,   none, 0D,  0.904,  8.393,  2.939,    42
33.423, -2.235,   none, 0D,  0.998,  8.303,  2.873,    42
33.538, -2.190,   none, 0D,  1.021,  8.213,  2.806,    42
33.652, -2.175, saddle, 0D,  1.091,  8.122,  2.806,    42
33.798, -2.191,   none, 0D,  1.185,  8.032,  2.739,    42
33.944, -2.232,   none, 0D,  1.278,  7.942,  2.672,    42
34.090, -2.291,   none, 0D,  1.372,  7.852,  2.605,    42
34.236, -2.363,   none, 0D,  1.465,  7.761,  2.539,    42
34.382, -2.433,   none, 0D,  1.558,  7.671,  2.472,    42
34.528, -2.488,   none, 0D,  1.652,  7.581,  2.405,    42
34.618, -2.518,   none, 0D,  1.652,  7.491,  2.405,    42
34.709, -2.525,    Li1, 0D,  1.652,  7.400,  2.405,    52
34.799, -2.518,   none, 0D,  1.652,  7.491,  2.405,    52
34.889, -2.488,   none, 0D,  1.652,  7.581,  2.405,    52
35.035, -2.433,   none, 0D,  1.745,  7.671,  2.338,    52
35.181, -2.363,   none, 0D,  1.839,  7.761,  2.271,    52
35.327, -2.291,   none, 0D,  1.932,  7.852,  2.205,    52
35.474, -2.232,   none, 0D,  2.026,  7.942,  2.138,    52
35.620, -2.191,   none, 0D,  2.119,  8.032,  2.071,    52
35.766, -2.175, saddle, 0D,  2.213,  8.122,  2.004,    52
35.880, -2.190,   none, 0D,  2.282,  8.213,  2.004,    52
35.995, -2.235,   none, 0D,  2.306,  8.303,  1.937,    52
36.141, -2.295,   none, 0D,  2.399,  8.393,  1.871,    52
36.255, -2.355,   none, 0D,  2.469,  8.483,  1.871,    52
36.369, -2.407,   none, 0D,  2.493,  8.574,  1.804,    52
36.460, -2.426,  Li_i1, 0D,  2.493,  0.000,  1.804,    51
36.550, -2.407,   none, 0D,  2.493,  0.090,  1.804,    51
36.665, -2.355,   none, 0D,  2.469,  0.180,  1.871,    51
36.779, -2.295,   none, 0D,  2.399,  0.271,  1.871,    51
36.925, -2.235,   none, 0D,  2.306,  0.361,  1.937,    51
37.040, -2.190,   none, 0D,  2.282,  0.451,  2.004,    51
37.154, -2.175, saddle, 0D,  2.213,  0.541,  2.004,    51
37.300, -2.191,   none, 0D,  2.119,  0.632,  2.071,    51
37.446, -2.232,   none, 0D,  2.026,  0.722,  2.138,    51
37.592, -2.291,   none, 0D,  1.932,  0.812,  2.205,    51
37.738, -2.363,   none, 0D,  1.839,  0.902,  2.271,    51
37.884, -2.433,   none, 0D,  1.745,  0.993,  2.338,    51
38.030, -2.488,   none, 0D,  1.652,  1.083,  2.405,    51
38.120, -2.518,   none, 0D,  1.652,  1.173,  2.405,    51
38.211, -2.525,    Li1, 0D,  1.652,  1.263,  2.405,    41
38.301, -2.518,   none, 0D,  1.652,  1.173,  2.405,    41
38.391, -2.488,   none, 0D,  1.652,  1.083,  2.405,    41
38.537, -2.433,   none, 0D,  1.558,  0.993,  2.472,    41
38.683, -2.363,   none, 0D,  1.465,  0.902,  2.539,    41
38.829, -2.291,   none, 0D,  1.372,  0.812,  2.605,    41
38.975, -2.232,   none, 0D,  1.278,  0.722,  2.672,    41
39.122, -2.191,   none, 0D,  1.185,  0.632,  2.739,    41
39.268, -2.175, saddle, 0D,  1.091,  0.541,  2.806,    41
39.382, -2.190,   none, 0D,  1.021,  0.451,  2.806,    41
39.496, -2.235,   none, 0D,  0.998,  0.361,  2.873,    41
39.642, -2.295,   none, 0D,  0.904,  0.271,  2.939,    41
39.756, -2.355,   none, 0D,  0.835,  0.180,  2.939,    41
39.871, -2.407,   none, 0D,  0.811,  0.090,  3.006,    41
