r_coor, energy,   site, dn,      x,      y,      z, index
 5.586, -2.449,  Li_i1, 1D,  2.371,  3.664,  5.385,    24
 5.647, -2.434,   none, 1D, -0.510,  3.664,  5.385,    24
 5.740, -2.401,   none, 1D, -0.451,  3.734,  5.385,    24
 5.801, -2.362,   none, 1D, -0.389,  3.734,  5.385,    24
 5.901, -2.309,   none, 1D, -0.334,  3.727,  5.468,    24
 5.993, -2.275,   none, 1D, -0.275,  3.797,  5.468,    24
 6.054, -2.232,   none, 1D, -0.213,  3.797,  5.468,    24
 6.147, -2.199,   none, 1D, -0.154,  3.868,  5.468,    24
 6.264, -2.189,   none, 1D, -0.100,  3.931,  5.551,    24
 6.325, -2.184, saddle, 1D, -0.039,  3.931,  5.551,    24
 6.442, -2.187,   none, 1D,  0.014,  3.993,  5.634,    24
 6.534, -2.210,   none, 1D,  0.074,  4.064,  5.634,    24
 6.595, -2.245,   none, 1D,  0.136,  4.064,  5.634,    24
 6.712, -2.284,   none, 1D,  0.189,  4.127,  5.717,    24
 6.774, -2.335,   none, 1D,  0.250,  4.127,  5.717,    24
 6.866, -2.387,   none, 1D,  0.310,  4.197,  5.717,    24
 6.983, -2.444,   none, 1D,  0.363,  4.260,  5.800,    24
 7.044, -2.500,   none, 1D,  0.425,  4.260,  5.800,    24
 7.161, -2.548,   none, 1D,  0.478,  4.323,  5.882,    24
 7.254, -2.601,   none, 1D,  0.538,  4.393,  5.882,    24
 7.315, -2.643,   none, 1D,  0.599,  4.393,  5.882,    24
 7.432, -2.677,   none, 1D,  0.652,  4.456,  5.965,    24
 7.524, -2.705,   none, 1D,  0.821, -0.546,  5.965,    24
 7.586, -2.724,   none, 1D,  0.882, -0.546,  5.965,    24
 7.647, -2.736,   none, 1D,  0.944, -0.546,  5.965,    24
 7.708, -2.740,    Li4, 1D,  1.005, -0.546,  5.965,    90
 7.769, -2.736,   none, 1D,  1.066, -0.546,  5.965,    90
 7.831, -2.724,   none, 1D,  1.128, -0.546,  5.965,    90
 7.892, -2.705,   none, 1D,  1.189, -0.546,  5.965,    90
 7.953, -2.677,   none, 1D,  1.250, -0.546,  5.965,    90
 8.078, -2.635,   none, 1D,  1.211,  4.464,  5.882,    90
 8.173, -2.584,   none, 1D,  1.274,  4.393,  5.882,    90
 8.298, -2.527,   none, 1D,  1.343,  4.331,  5.800,    90
 8.392, -2.462,   none, 1D,  1.406,  4.260,  5.800,    90
 8.517, -2.403,   none, 1D,  1.475,  4.197,  5.717,    90
 8.578, -2.348,   none, 1D,  1.536,  4.197,  5.717,    90
 8.703, -2.291,   none, 1D,  1.606,  4.134,  5.634,    90
 8.798, -2.253,   none, 1D,  1.668,  4.064,  5.634,    90
 8.923, -2.218,   none, 1D,  1.738,  4.001,  5.551,    90
 8.984, -2.207, saddle, 1D,  1.799,  4.001,  5.551,    90
 9.079, -2.208,   none, 1D,  1.862,  3.931,  5.551,    90
 9.204, -2.228,   none, 1D,  1.931,  3.868,  5.468,    90
 9.298, -2.255,   none, 1D,  1.994,  3.797,  5.468,    90
 9.405, -2.294,   none, 1D,  2.062,  3.805,  5.385,    90
 9.500, -2.347,   none, 1D,  2.125,  3.734,  5.385,    90
 9.561, -2.391,   none, 1D,  2.186,  3.734,  5.385,    90
 9.655, -2.424,   none, 1D,  2.249,  3.664,  5.385,    90
 9.717, -2.445,   none, 1D,  2.310,  3.664,  5.385,    90
11.491, -2.673,    Li3, 2D, -0.521,  1.990,  5.965,   110
11.562, -2.666,   none, 2D, -0.522,  2.061,  5.965,   110
11.632, -2.644,   none, 2D, -0.524,  2.131,  5.965,   110
11.759, -2.610,   none, 2D,  2.363,  2.209,  5.882,   110
11.830, -2.569,   none, 2D,  2.361,  2.280,  5.882,   110
11.900, -2.515,   none, 2D,  2.360,  2.350,  5.882,   110
11.971, -2.447,   none, 2D,  2.358,  2.421,  5.882,   110
12.085, -2.382,   none, 2D,  2.363,  2.499,  5.800,   110
12.155, -2.312,   none, 2D,  2.362,  2.569,  5.800,   110
12.269, -2.234,   none, 2D,  2.367,  2.647,  5.717,   110
12.340, -2.179,   none, 2D,  2.365,  2.718,  5.717,   110
12.410, -2.122,   none, 2D,  2.364,  2.788,  5.717,   110
12.524, -2.080,   none, 2D,  2.369,  2.866,  5.634,   110
12.595, -2.060,   none, 2D,  2.367,  2.937,  5.634,   110
12.665, -2.044, saddle, 2D,  2.366,  3.007,  5.634,   110
12.779, -2.066,   none, 2D,  2.371,  3.085,  5.551,   110
12.849, -2.094,   none, 2D,  2.369,  3.155,  5.551,   110
12.963, -2.141,   none, 2D,  2.374,  3.234,  5.468,   110
13.034, -2.202,   none, 2D,  2.372,  3.304,  5.468,   110
13.148, -2.260,   none, 2D,  2.377,  3.382,  5.385,   110
13.218, -2.333,   none, 2D,  2.376,  3.453,  5.385,   110
13.289, -2.391,   none, 2D,  2.374,  3.523,  5.385,   110
13.359, -2.432,   none, 2D,  2.373,  3.593,  5.385,   110
15.497, -2.449,  Li_i1, 2D, -0.470,  0.317,  6.545,     6
15.568, -2.432,   none, 2D, -0.472,  0.387,  6.545,     6
15.638, -2.391,   none, 2D, -0.473,  0.458,  6.545,     6
15.709, -2.333,   none, 2D, -0.475,  0.528,  6.545,     6
15.779, -2.260,   none, 2D, -0.476,  0.598,  6.545,     6
15.893, -2.202,   none, 2D, -0.471,  0.677,  6.462,     6
15.964, -2.141,   none, 2D, -0.473,  0.747,  6.462,     6
16.078, -2.094,   none, 2D, -0.468,  0.825,  6.380,     6
16.148, -2.066,   none, 2D, -0.469,  0.895,  6.380,     6
16.262, -2.044, saddle, 2D, -0.464,  0.974,  6.297,     6
16.332, -2.060,   none, 2D, -0.466,  1.044,  6.297,     6
16.403, -2.080,   none, 2D, -0.467,  1.114,  6.297,     6
16.517, -2.122,   none, 2D, -0.462,  1.192,  6.214,     6
16.587, -2.179,   none, 2D, -0.464,  1.263,  6.214,     6
16.658, -2.234,   none, 2D, -0.465,  1.333,  6.214,     6
16.772, -2.312,   none, 2D, -0.460,  1.411,  6.131,     6
16.842, -2.382,   none, 2D, -0.462,  1.482,  6.131,     6
16.956, -2.447,   none, 2D, -0.457,  1.560,  6.048,     6
17.027, -2.515,   none, 2D, -0.459,  1.630,  6.048,     6
17.097, -2.569,   none, 2D, -0.460,  1.701,  6.048,     6
17.167, -2.610,   none, 2D, -0.462,  1.771,  6.048,     6
17.294, -2.644,   none, 2D, -0.518,  1.849,  5.965,     6
17.365, -2.666,   none, 2D, -0.519,  1.920,  5.965,     6
22.770, -1.250,  Li_i3, 3D, -0.148,  1.638, 11.351,    30
22.895, -1.235,   none, 3D, -0.217,  1.701, 11.434,    30
22.979, -1.224,   none, 3D, -0.224,  1.693, 11.516,    30
23.062, -1.196, saddle, 3D, -0.230,  1.686, 11.599,    30
23.167, -1.200,   none, 3D, -0.238,  1.749, 11.682,    30
23.250, -1.208,   none, 3D, -0.245,  1.741, 11.765,    30
23.334, -1.225,   none, 3D, -0.251,  1.733, 11.848,    30
23.438, -1.271,   none, 3D,  0.674,  2.889,  0.000,    30
23.521, -1.341,   none, 3D,  0.667,  2.881,  0.083,    30
23.605, -1.424,   none, 3D,  0.661,  2.874,  0.166,    30
23.688, -1.520,   none, 3D,  0.654,  2.866,  0.249,    30
23.788, -1.628,   none, 3D,  0.709,  2.858,  0.331,    30
23.892, -1.753,   none, 3D,  0.701,  2.921,  0.414,    30
23.976, -1.880,   none, 3D,  0.695,  2.914,  0.497,    30
24.059, -2.002,   none, 3D,  0.688,  2.906,  0.580,    30
24.143, -2.115,   none, 3D,  0.682,  2.899,  0.663,    30
24.226, -2.218,   none, 3D,  0.675,  2.891,  0.746,    30
24.330, -2.308,   none, 3D,  0.667,  2.954,  0.829,    30
24.414, -2.387,   none, 3D,  0.661,  2.946,  0.911,    30
24.513, -2.451,   none, 3D,  0.716,  2.939,  0.994,    30
24.597, -2.496,   none, 3D,  0.709,  2.931,  1.077,    30
24.680, -2.522,   none, 3D,  0.703,  2.923,  1.160,    30
24.785, -2.535,    Li2, 3D,  0.695,  2.986,  1.243,    33
24.868, -2.531,   none, 3D,  0.688,  2.979,  1.326,    33
24.952, -2.509,   none, 3D,  0.682,  2.971,  1.408,    33
25.068, -2.473,   none, 3D,  0.735,  3.034,  1.491,    33
25.152, -2.426,   none, 3D,  0.729,  3.026,  1.574,    33
25.235, -2.365,   none, 3D,  0.722,  3.019,  1.657,    33
25.319, -2.292,   none, 3D,  0.716,  3.011,  1.740,    33
25.402, -2.208,   none, 3D,  0.709,  3.004,  1.823,    33
25.506, -2.123,   none, 3D,  0.701,  3.067,  1.906,    33
25.590, -2.038,   none, 3D,  0.695,  3.059,  1.988,    33
25.673, -1.952,   none, 3D,  0.688,  3.051,  2.071,    33
25.757, -1.870,   none, 3D,  0.682,  3.044,  2.154,    33
25.840, -1.794,   none, 3D,  0.675,  3.036,  2.237,    33
25.957, -1.733,   none, 3D,  0.729,  3.099,  2.320,    33
26.041, -1.694,   none, 3D,  0.722,  3.091,  2.403,    33
26.124, -1.663,   none, 3D,  0.716,  3.084,  2.486,    33
26.208, -1.637,   none, 3D,  0.709,  3.076,  2.568,    33
26.312, -1.618,   none, 3D,  0.701,  3.139,  2.651,    33
26.419, -1.610,   none, 3D,  0.633,  3.132,  2.734,    33
26.544, -1.578,   none, 3D,  0.564,  3.194,  2.817,    33
26.651, -1.564,   none, 3D,  0.496,  3.187,  2.900,    33
26.776, -1.560, saddle, 3D,  0.427,  3.250,  2.983,    33
26.901, -1.575,   none, 3D,  0.358,  3.313,  3.066,    33
27.026, -1.618,   none, 3D,  0.288,  3.376,  3.148,    33
27.151, -1.693,   none, 3D,  0.219,  3.438,  3.231,    33
27.276, -1.798,   none, 3D,  0.150,  3.501,  3.314,    33
27.401, -1.926,   none, 3D,  0.080,  3.564,  3.397,    33
27.526, -2.067,   none, 3D,  0.011,  3.627,  3.480,    33
27.651, -2.203,   none, 3D, -0.058,  3.690,  3.563,    33
27.776, -2.314,   none, 3D, -0.128,  3.753,  3.645,    33
27.838, -2.406,   none, 3D, -0.189,  3.753,  3.645,    33
27.899, -2.484,   none, 3D, -0.250,  3.753,  3.645,    33
28.016, -2.549,   none, 3D, -0.303,  3.690,  3.563,    33
28.077, -2.603,   none, 3D, -0.365,  3.690,  3.563,    33
28.138, -2.644,   none, 3D,  2.517,  3.690,  3.563,    33
28.200, -2.673,   none, 3D,  2.456,  3.690,  3.563,    33
28.261, -2.692,   none, 3D,  2.394,  3.690,  3.563,    33
28.322, -2.700,   none, 3D,  2.333,  3.690,  3.563,    33
28.417, -2.700,    Li1, 3D,  2.270,  3.760,  3.563,   108
28.516, -2.695,   none, 3D,  2.325,  3.753,  3.645,   108
28.600, -2.672,   none, 3D,  2.319,  3.745,  3.728,   108
28.683, -2.631,   none, 3D,  2.312,  3.738,  3.811,   108
28.783, -2.575,   none, 3D,  2.367,  3.730,  3.894,   108
28.866, -2.510,   none, 3D,  2.360,  3.722,  3.977,   108
28.950, -2.435,   none, 3D,  2.354,  3.715,  4.060,   108
29.033, -2.356,   none, 3D,  2.347,  3.707,  4.143,   108
29.117, -2.276,   none, 3D,  2.341,  3.700,  4.225,   108
29.200, -2.200,   none, 3D,  2.335,  3.692,  4.308,   108
29.284, -2.134,   none, 3D,  2.328,  3.684,  4.391,   108
29.367, -2.081,   none, 3D,  2.322,  3.677,  4.474,   108
29.467, -2.048,   none, 3D,  2.376,  3.669,  4.557,   108
29.550, -2.037, saddle, 3D,  2.370,  3.662,  4.640,   108
29.634, -2.047,   none, 3D,  2.363,  3.654,  4.723,   108
29.717, -2.077,   none, 3D,  2.357,  3.647,  4.805,   108
29.821, -2.130,   none, 3D,  2.349,  3.709,  4.888,   108
29.905, -2.196,   none, 3D,  2.342,  3.702,  4.971,   108
29.988, -2.269,   none, 3D,  2.336,  3.694,  5.054,   108
30.072, -2.340,   none, 3D,  2.330,  3.687,  5.137,   108
30.155, -2.401,   none, 3D,  2.323,  3.679,  5.220,   108
30.255, -2.442,   none, 3D,  2.378,  3.671,  5.303,   108
32.375, -2.449,  Li_i1, 3D, -0.470,  0.317,  6.545,     8
32.459, -2.442,   none, 3D, -0.477,  0.309,  6.628,     8
32.558, -2.401,   none, 3D, -0.422,  0.301,  6.711,     8
32.642, -2.340,   none, 3D, -0.428,  0.294,  6.794,     8
32.725, -2.269,   none, 3D, -0.435,  0.286,  6.877,     8
32.809, -2.196,   none, 3D, -0.441,  0.279,  6.960,     8
32.892, -2.130,   none, 3D, -0.448,  0.271,  7.042,     8
32.997, -2.077,   none, 3D, -0.456,  0.334,  7.125,     8
33.080, -2.047,   none, 3D, -0.462,  0.326,  7.208,     8
33.163, -2.037, saddle, 3D, -0.469,  0.319,  7.291,     8
33.247, -2.048,   none, 3D, -0.475,  0.311,  7.374,     8
33.347, -2.081,   none, 3D, -0.420,  0.304,  7.457,     8
33.430, -2.134,   none, 3D, -0.427,  0.296,  7.540,     8
33.513, -2.200,   none, 3D, -0.433,  0.288,  7.622,     8
33.597, -2.276,   none, 3D, -0.440,  0.281,  7.705,     8
33.680, -2.356,   none, 3D, -0.446,  0.273,  7.788,     8
33.764, -2.435,   none, 3D, -0.453,  0.266,  7.871,     8
33.847, -2.510,   none, 3D, -0.459,  0.258,  7.954,     8
33.931, -2.575,   none, 3D, -0.466,  0.251,  8.037,     8
34.030, -2.631,   none, 3D, -0.411,  0.243,  8.119,     8
34.114, -2.672,   none, 3D, -0.417,  0.235,  8.202,     8
34.197, -2.695,   none, 3D, -0.424,  0.228,  8.285,     8
34.297, -2.700,    Li1, 3D, -0.369,  0.220,  8.368,    85
34.391, -2.700,   none, 3D, -0.432,  0.291,  8.368,    85
34.453, -2.692,   none, 3D, -0.493,  0.291,  8.368,    85
34.514, -2.673,   none, 3D, -0.554,  0.291,  8.368,    85
34.575, -2.644,   none, 3D, -0.616,  0.291,  8.368,    85
34.637, -2.603,   none, 3D, -0.677,  0.291,  8.368,    85
34.698, -2.549,   none, 3D,  2.205,  0.291,  8.368,    85
34.815, -2.484,   none, 3D,  2.151,  0.228,  8.285,    85
34.876, -2.406,   none, 3D,  2.090,  0.228,  8.285,    85
34.937, -2.314,   none, 3D,  2.029,  0.228,  8.285,    85
35.062, -2.203,   none, 3D,  1.959,  0.291,  8.368,    85
35.187, -2.067,   none, 3D,  1.890,  0.354,  8.451,    85
35.312, -1.926,   none, 3D,  1.821,  0.416,  8.534,    85
35.437, -1.798,   none, 3D,  1.752,  0.479,  8.617,    85
35.562, -1.693,   none, 3D,  1.682,  0.542,  8.699,    85
35.687, -1.618,   none, 3D,  1.613,  0.605,  8.782,    85
35.812, -1.575,   none, 3D,  1.544,  0.668,  8.865,    85
35.937, -1.560, saddle, 3D,  1.474,  0.731,  8.948,    85
36.062, -1.564,   none, 3D,  1.405,  0.794,  9.031,    85
36.170, -1.578,   none, 3D,  1.337,  0.786,  9.114,    85
36.295, -1.610,   none, 3D,  1.268,  0.849,  9.197,    85
36.402, -1.618,   none, 3D,  1.200,  0.841,  9.279,    85
36.506, -1.637,   none, 3D,  1.192,  0.904,  9.362,    85
36.590, -1.663,   none, 3D,  1.186,  0.897,  9.445,    85
36.673, -1.694,   none, 3D,  1.179,  0.889,  9.528,    85
36.757, -1.733,   none, 3D,  1.173,  0.881,  9.611,    85
36.873, -1.794,   none, 3D,  1.226,  0.944,  9.694,    85
36.957, -1.870,   none, 3D,  1.220,  0.937,  9.776,    85
37.040, -1.952,   none, 3D,  1.213,  0.929,  9.859,    85
37.124, -2.038,   none, 3D,  1.207,  0.922,  9.942,    85
37.207, -2.123,   none, 3D,  1.200,  0.914, 10.025,    85
37.312, -2.208,   none, 3D,  1.192,  0.977, 10.108,    85
37.395, -2.292,   none, 3D,  1.186,  0.969, 10.191,    85
37.478, -2.365,   none, 3D,  1.179,  0.962, 10.274,    85
37.562, -2.426,   none, 3D,  1.173,  0.954, 10.356,    85
37.645, -2.473,   none, 3D,  1.166,  0.946, 10.439,    85
37.762, -2.509,   none, 3D,  1.219,  1.009, 10.522,    85
37.846, -2.531,   none, 3D,  1.213,  1.002, 10.605,    85
37.929, -2.535,    Li2, 3D,  1.207,  0.994, 10.688,    37
37.990, -2.532,   none, 3D,  1.145,  0.994, 10.688,    37
38.052, -2.520,   none, 3D,  1.084,  0.994, 10.688,    37
38.113, -2.498,   none, 3D,  1.023,  0.994, 10.688,    37
38.213, -2.466,   none, 3D,  0.968,  1.002, 10.605,    37
38.274, -2.425,   none, 3D,  0.906,  1.002, 10.605,    37
38.335, -2.372,   none, 3D,  0.845,  1.002, 10.605,    37
38.428, -2.311,   none, 3D,  0.785,  0.931, 10.605,    37
38.489, -2.240,   none, 3D,  0.724,  0.931, 10.605,    37
38.614, -2.145,   none, 3D,  0.655,  0.994, 10.688,    37
38.708, -2.036,   none, 3D,  0.592,  1.065, 10.688,    37
38.833, -1.908,   none, 3D,  0.523,  1.128, 10.771,    37
38.958, -1.772,   none, 3D,  0.453,  1.190, 10.854,    37
39.053, -1.641,   none, 3D,  0.390,  1.261, 10.854,    37
39.178, -1.536,   none, 3D,  0.321,  1.324, 10.936,    37
39.303, -1.444,   none, 3D,  0.252,  1.387, 11.019,    37
39.428, -1.367,   none, 3D,  0.183,  1.449, 11.102,    37
39.489, -1.308,   none, 3D,  0.121,  1.449, 11.102,    37
39.614, -1.274,   none, 3D,  0.052,  1.512, 11.185,    37
39.739, -1.256,   none, 3D, -0.017,  1.575, 11.268,    37
39.800, -1.246, saddle, 3D, -0.079,  1.575, 11.268,    37
44.389, -2.700,    Li1, 0D,  2.270,  3.760,  3.563,    96
44.472, -2.688,   none, 0D,  2.277,  3.768,  3.480,    96
44.576, -2.658,   none, 0D,  2.285,  3.705,  3.397,    96
44.660, -2.609,   none, 0D,  2.291,  3.713,  3.314,    96
44.760, -2.544,   none, 0D,  2.236,  3.720,  3.231,    96
44.843, -2.465,   none, 0D,  2.243,  3.728,  3.148,    96
44.926, -2.371,   none, 0D,  2.249,  3.735,  3.066,    96
45.010, -2.266,   none, 0D,  2.256,  3.743,  2.983,    96
45.093, -2.153,   none, 0D,  2.262,  3.751,  2.900,    96
45.177, -2.035,   none, 0D,  2.269,  3.758,  2.817,    96
45.281, -1.926,   none, 0D,  2.277,  3.695,  2.734,    96
45.381, -1.827,   none, 0D,  2.222,  3.703,  2.651,    96
45.464, -1.737,   none, 0D,  2.228,  3.710,  2.568,    96
45.548, -1.657,   none, 0D,  2.235,  3.718,  2.486,    96
45.631, -1.586,   none, 0D,  2.241,  3.726,  2.403,    96
45.735, -1.543,   none, 0D,  2.249,  3.663,  2.320,    96
45.819, -1.517,   none, 0D,  2.256,  3.670,  2.237,    96
45.902, -1.495,   none, 0D,  2.262,  3.678,  2.154,    96
46.007, -1.484, saddle, 0D,  2.270,  3.615,  2.071,    96
46.090, -1.488,  Li_i2, 0D,  2.277,  3.623,  1.988,   102
46.151, -1.485,   none, 0D,  2.338,  3.623,  1.988,   102
46.276, -1.478, saddle, 0D,  2.407,  3.560,  1.906,   102
46.360, -1.481,   none, 0D,  2.414,  3.567,  1.823,   102
46.485, -1.483,   none, 0D,  2.483,  3.504,  1.740,   102
46.546, -1.502,   none, 0D,  2.544,  3.504,  1.740,   102
46.671, -1.532,   none, 0D,  2.614,  3.442,  1.657,   102
46.796, -1.572,   none, 0D,  2.683,  3.379,  1.574,   102
46.857, -1.636,   none, 0D, -0.199,  3.379,  1.574,   102
46.982, -1.709,   none, 0D, -0.129,  3.316,  1.491,   102
47.077, -1.806,   none, 0D, -0.067,  3.245,  1.491,   102
47.202, -1.910,   none, 0D,  0.003,  3.183,  1.408,   102
47.327, -2.014,   none, 0D,  0.072,  3.120,  1.326,   102
47.421, -2.113,   none, 0D,  0.135,  3.049,  1.326,   102
47.546, -2.211,   none, 0D,  0.204,  2.986,  1.243,   102
47.607, -2.289,   none, 0D,  0.265,  2.986,  1.243,   102
47.669, -2.356,   none, 0D,  0.327,  2.986,  1.243,   102
47.730, -2.411,   none, 0D,  0.388,  2.986,  1.243,   102
47.791, -2.455,   none, 0D,  0.449,  2.986,  1.243,   102
47.853, -2.490,   none, 0D,  0.511,  2.986,  1.243,   102
47.914, -2.514,   none, 0D,  0.572,  2.986,  1.243,   102
47.975, -2.529,   none, 0D,  0.633,  2.986,  1.243,   102
48.037, -2.535,    Li2, 0D,  0.695,  2.986,  1.243,    33
48.120, -2.531,   none, 0D,  0.688,  2.979,  1.326,    33
48.204, -2.509,   none, 0D,  0.682,  2.971,  1.408,    33
48.320, -2.473,   none, 0D,  0.735,  3.034,  1.491,    33
48.404, -2.426,   none, 0D,  0.729,  3.026,  1.574,    33
48.487, -2.365,   none, 0D,  0.722,  3.019,  1.657,    33
48.571, -2.292,   none, 0D,  0.716,  3.011,  1.740,    33
48.654, -2.208,   none, 0D,  0.709,  3.004,  1.823,    33
48.759, -2.123,   none, 0D,  0.701,  3.067,  1.906,    33
48.842, -2.038,   none, 0D,  0.695,  3.059,  1.988,    33
48.925, -1.952,   none, 0D,  0.688,  3.051,  2.071,    33
49.009, -1.870,   none, 0D,  0.682,  3.044,  2.154,    33
49.092, -1.794,   none, 0D,  0.675,  3.036,  2.237,    33
49.209, -1.733,   none, 0D,  0.729,  3.099,  2.320,    33
49.293, -1.694,   none, 0D,  0.722,  3.091,  2.403,    33
49.376, -1.663,   none, 0D,  0.716,  3.084,  2.486,    33
49.460, -1.637,   none, 0D,  0.709,  3.076,  2.568,    33
49.564, -1.618,   none, 0D,  0.701,  3.139,  2.651,    33
49.671, -1.610,   none, 0D,  0.633,  3.132,  2.734,    33
49.796, -1.578,   none, 0D,  0.564,  3.194,  2.817,    33
49.904, -1.564,   none, 0D,  0.496,  3.187,  2.900,    33
50.029, -1.560, saddle, 0D,  0.427,  3.250,  2.983,    33
50.153, -1.575,   none, 0D,  0.358,  3.313,  3.066,    33
50.278, -1.618,   none, 0D,  0.288,  3.376,  3.148,    33
50.403, -1.693,   none, 0D,  0.219,  3.438,  3.231,    33
50.528, -1.798,   none, 0D,  0.150,  3.501,  3.314,    33
50.653, -1.926,   none, 0D,  0.080,  3.564,  3.397,    33
50.778, -2.067,   none, 0D,  0.011,  3.627,  3.480,    33
50.903, -2.203,   none, 0D, -0.058,  3.690,  3.563,    33
51.028, -2.314,   none, 0D, -0.128,  3.753,  3.645,    33
51.090, -2.406,   none, 0D, -0.189,  3.753,  3.645,    33
51.151, -2.484,   none, 0D, -0.250,  3.753,  3.645,    33
51.268, -2.549,   none, 0D, -0.303,  3.690,  3.563,    33
51.329, -2.603,   none, 0D, -0.365,  3.690,  3.563,    33
51.391, -2.644,   none, 0D,  2.517,  3.690,  3.563,    33
51.452, -2.673,   none, 0D,  2.456,  3.690,  3.563,    33
51.513, -2.692,   none, 0D,  2.394,  3.690,  3.563,    33
51.574, -2.700,   none, 0D,  2.333,  3.690,  3.563,    33
