r_coor, energy,   site, dn,      x,      y,      z, index
 1.446, -2.362,  Li_i2, 1D,  5.005,  1.483,  4.522,    20
 1.523, -2.360,   none, 1D,  5.005,  1.446,  4.590,    20
 1.602, -2.356,   none, 1D,  5.004,  1.486,  4.659,    20
 1.682, -2.339,   none, 1D,  5.003,  1.526,  4.727,    20
 1.761, -2.305,   none, 1D,  5.001,  1.566,  4.796,    20
 1.867, -2.263,   none, 1D,  5.072,  1.606,  4.864,    20
 1.947, -2.207,   none, 1D,  5.072,  4.264,  0.000,    20
 2.053, -2.153,   none, 1D, -0.073,  4.304,  0.069,    20
 2.159, -2.093,   none, 1D, -0.002,  4.344,  0.137,    20
 2.239, -2.035,   none, 1D, -0.003,  4.384,  0.206,    20
 2.345, -1.991,   none, 1D,  0.068,  4.423,  0.274,    20
 2.452, -1.953,   none, 1D,  0.139,  4.463,  0.343,    20
 2.531, -1.926,   none, 1D,  0.138,  4.503,  0.411,    20
 2.637, -1.924, saddle, 1D,  0.209,  4.543,  0.480,    20
 2.744, -1.933,   none, 1D,  0.280,  4.583,  0.548,    20
 2.850, -1.952,   none, 1D,  0.351,  4.622,  0.617,    20
 2.930, -1.990,   none, 1D,  0.350,  4.662,  0.685,    20
 3.036, -2.034,   none, 1D,  0.421,  4.702,  0.754,    20
 3.140, -2.080,   none, 1D,  0.492,  4.778,  0.754,    20
 3.220, -2.127,   none, 1D,  0.491,  4.818,  0.822,    20
 3.326, -2.165,   none, 1D,  0.562,  4.858,  0.891,    20
 3.402, -2.185,   none, 1D,  0.561,  4.934,  0.891,    20
 3.481, -2.191,    Li2, 1D,  0.652, -0.509,  0.959,    32
 3.554, -2.190,   none, 1D,  0.724, -0.509,  0.959,    32
 3.626, -2.170,   none, 1D,  0.797, -0.509,  0.959,    32
 3.699, -2.139,   none, 1D,  0.869, -0.509,  0.959,    32
 3.771, -2.099,   none, 1D,  0.942, -0.509,  0.959,    32
 3.844, -2.056,   none, 1D,  1.014, -0.509,  0.959,    32
 3.916, -2.013,   none, 1D,  1.087, -0.509,  0.959,    32
 3.989, -1.972,   none, 1D,  1.159, -0.509,  0.959,    32
 4.061, -1.936,   none, 1D,  1.231, -0.509,  0.959,    32
 4.169, -1.909,   none, 1D,  1.213,  4.934,  0.891,    32
 4.242, -1.892,   none, 1D,  1.285,  4.934,  0.891,    32
 4.314, -1.882,   none, 1D,  1.358,  4.934,  0.891,    32
 4.387, -1.879, saddle, 1D,  1.430,  4.934,  0.891,    32
 4.459, -1.881,   none, 1D,  1.503,  4.934,  0.891,    32
 4.565, -1.887,   none, 1D,  1.575,  4.970,  0.822,    32
 4.638, -1.902,   none, 1D,  1.647,  4.970,  0.822,    32
 4.710, -1.915,   none, 1D,  1.720,  4.970,  0.822,    32
 4.783, -1.921,   none, 1D,  1.792,  4.970,  0.822,    32
 4.891, -1.931,  Li_i3, 1D,  1.866,  4.930,  0.754,    40
 4.999, -1.924,   none, 1D,  1.940,  4.891,  0.685,    40
 5.105, -1.914,   none, 1D,  2.014,  4.814,  0.685,    40
 5.213, -1.903,   none, 1D,  2.087,  4.775,  0.617,    40
 5.293, -1.895, saddle, 1D,  2.089,  4.735,  0.548,    40
 5.401, -1.895,   none, 1D,  2.162,  4.695,  0.480,    40
 5.509, -1.901,   none, 1D,  2.236,  4.655,  0.411,    40
 5.617, -1.913,   none, 1D,  2.310,  4.616,  0.343,    40
 5.696, -1.942,   none, 1D,  2.311,  4.576,  0.274,    40
 5.805, -1.976,   none, 1D,  2.385,  4.536,  0.206,    40
 5.884, -2.012,   none, 1D,  2.386,  4.496,  0.137,    40
 5.992, -2.059,   none, 1D,  2.460,  4.456,  0.069,    40
 6.100, -2.101,   none, 1D,  2.534,  4.417,  0.000,    40
 6.180, -2.141,   none, 1D,  2.534,  1.758,  4.864,    40
 6.288, -2.176,   none, 1D,  2.608,  1.718,  4.796,    40
 6.364, -2.200,   none, 1D,  2.609,  1.642,  4.796,    40
 6.472, -2.219,   none, 1D,  2.683,  1.602,  4.727,    40
 6.548, -2.226,    Li3, 1D,  2.684,  1.526,  4.727,    58
 6.626, -2.213,   none, 1D,  2.684,  1.490,  4.796,    58
 6.705, -2.193,   none, 1D,  2.683,  1.529,  4.864,    58
 6.783, -2.161,   none, 1D,  2.684,  4.112,  0.000,    58
 6.889, -2.123,   none, 1D,  2.756,  4.076,  0.069,    58
 7.040, -2.086,   none, 1D,  2.830,  3.963,  0.137,    58
 7.146, -2.048,   none, 1D,  2.902,  3.927,  0.206,    58
 7.297, -2.022,   none, 1D,  2.976,  3.814,  0.274,    58
 7.403, -1.997,   none, 1D,  3.049,  3.778,  0.343,    58
 7.554, -1.980,   none, 1D,  3.122,  3.665,  0.411,    58
 7.660, -1.972,   none, 1D,  3.195,  3.629,  0.480,    58
 7.738, -1.970, saddle, 1D,  3.195,  3.593,  0.548,    58
 7.844, -1.972,   none, 1D,  3.267,  3.556,  0.617,    58
 7.950, -1.975,   none, 1D,  3.340,  3.520,  0.685,    58
 8.056, -1.979,   none, 1D,  3.412,  3.483,  0.754,    58
 8.162, -1.981,   none, 1D,  3.484,  3.447,  0.822,    58
 8.235, -1.987,   none, 1D,  3.557,  3.447,  0.822,    58
 8.341, -1.993,   none, 1D,  3.631,  3.371,  0.822,    58
 8.413, -1.998,   none, 1D,  3.703,  3.371,  0.822,    58
 8.520, -2.009,   none, 1D,  3.774,  3.411,  0.891,    58
 8.626, -2.022,   none, 1D,  3.848,  3.335,  0.891,    58
 8.698, -2.037,   none, 1D,  3.920,  3.335,  0.891,    58
 8.771, -2.054,   none, 1D,  3.993,  3.335,  0.891,    58
 8.843, -2.073,   none, 1D,  4.065,  3.335,  0.891,    58
 8.915, -2.092,   none, 1D,  4.138,  3.335,  0.891,    58
 8.988, -2.110,   none, 1D,  4.210,  3.335,  0.891,    58
 9.060, -2.125,   none, 1D,  4.283,  3.335,  0.891,    58
 9.133, -2.134,   none, 1D,  4.355,  3.335,  0.891,    58
 9.205, -2.135,  Li_i1, 1D,  4.428,  3.335,  0.891,    70
 9.283, -2.131,   none, 1D,  4.428,  3.371,  0.822,    70
 9.360, -2.118,   none, 1D,  4.428,  3.407,  0.754,    70
 9.510, -2.105,   none, 1D,  4.499,  3.520,  0.685,    70
 9.588, -2.091,   none, 1D,  4.499,  3.556,  0.617,    70
 9.694, -2.082,   none, 1D,  4.571,  3.593,  0.548,    70
 9.800, -2.075, saddle, 1D,  4.644,  3.629,  0.480,    70
 9.878, -2.077,   none, 1D,  4.644,  3.665,  0.411,    70
10.027, -2.093,   none, 1D,  4.715,  3.778,  0.343,    70
10.133, -2.113,   none, 1D,  4.787,  3.814,  0.274,    70
10.283, -2.142,   none, 1D,  4.859,  3.927,  0.206,    70
10.389, -2.178,   none, 1D,  4.931,  3.963,  0.137,    70
10.467, -2.222,   none, 1D,  4.931,  4.000,  0.069,    70
10.545, -2.259,   none, 1D,  4.931,  4.036,  0.000,    70
10.651, -2.295,   none, 1D,  5.002,  1.453,  4.864,    70
10.728, -2.322,   none, 1D,  5.002,  1.490,  4.796,    70
10.807, -2.342,   none, 1D,  5.004,  1.450,  4.727,    70
10.885, -2.356,   none, 1D,  5.004,  1.486,  4.659,    70
10.964, -2.360,   none, 1D,  5.005,  1.446,  4.590,    70
11.042, -2.362,  Li_i2, 2D,  5.005,  1.483,  4.522,    68
11.121, -2.360,   none, 2D,  5.004,  1.523,  4.590,    68
11.227, -2.344,   none, 2D,  4.930,  1.599,  4.590,    68
11.378, -2.301,   none, 2D,  4.856,  1.711,  4.522,    68
11.510, -2.243,   none, 2D,  4.855,  1.824,  4.453,    68
11.661, -2.180,   none, 2D,  4.781,  1.936,  4.385,    68
11.812, -2.115,   none, 2D,  4.708,  2.049,  4.316,    68
11.963, -2.047,   none, 2D,  4.634,  2.161,  4.248,    68
12.039, -1.985,   none, 2D,  4.633,  2.238,  4.248,    68
12.171, -1.935,   none, 2D,  4.631,  2.350,  4.179,    68
12.247, -1.888,   none, 2D,  4.630,  2.426,  4.179,    68
12.398, -1.869,   none, 2D,  4.556,  2.539,  4.111,    68
12.474, -1.863, saddle, 2D,  4.555,  2.615,  4.111,    68
12.606, -1.873,   none, 2D,  4.554,  2.727,  4.042,    68
12.682, -1.899,   none, 2D,  4.553,  2.804,  4.042,    68
12.788, -1.941,   none, 2D,  4.479,  2.880,  4.042,    68
12.919, -1.996,   none, 2D,  4.478,  2.992,  3.973,    68
12.996, -2.052,   none, 2D,  4.476,  3.068,  3.973,    68
13.072, -2.103,   none, 2D,  4.475,  3.145,  3.973,    68
13.148, -2.146,   none, 2D,  4.474,  3.221,  3.973,    68
13.254, -2.177,   none, 2D,  4.400,  3.297,  3.973,    68
15.795, -2.191,    Li2, 3D,  0.652, -0.509,  0.959,    18
15.873, -2.177,   none, 3D,  0.652, -0.546,  1.028,    18
15.950, -2.146,   none, 3D,  0.652, -0.582,  1.096,    18
16.028, -2.103,   none, 3D,  0.652, -0.618,  1.165,    18
16.134, -2.060,   none, 3D,  0.579, -0.655,  1.233,    18
16.212, -2.015,   none, 3D,  0.579, -0.691,  1.302,    18
16.318, -1.973,   none, 3D,  0.507, -0.728,  1.370,    18
16.395, -1.935,   none, 3D,  0.507, -0.764,  1.439,    18
16.502, -1.901,   none, 3D,  0.434, -0.800,  1.507,    18
16.579, -1.872,   none, 3D,  0.434, -0.837,  1.576,    18
16.658, -1.846,   none, 3D,  0.433, -0.797,  1.644,    18
16.764, -1.822,   none, 3D,  0.361, -0.833,  1.713,    18
16.842, -1.802,   none, 3D,  0.361, -0.870,  1.781,    18
16.920, -1.780,   none, 3D,  0.361, -0.906,  1.850,    18
17.026, -1.761,   none, 3D,  0.288, -0.942,  1.918,    18
17.103, -1.742,   none, 3D,  0.288, -0.979,  1.987,    18
17.183, -1.723,   none, 3D,  0.287, -0.939,  2.055,    18
17.260, -1.708,   none, 3D,  0.287, -0.975,  2.124,    18
17.366, -1.693,   none, 3D,  0.214, -1.012,  2.192,    18
17.444, -1.680,   none, 3D,  0.214, -1.048,  2.261,    18
17.523, -1.671,   none, 3D,  0.213, -1.008,  2.329,    18
17.601, -1.665,   none, 3D,  0.213, -1.045,  2.398,    18
17.680, -1.661,   none, 3D,  0.212, -1.005,  2.466,    18
17.757, -1.661, saddle, 3D,  0.212, -1.041,  2.535,    18
17.837, -1.663,   none, 3D,  0.210, -1.002,  2.603,    18
17.914, -1.669,   none, 3D,  0.210, -1.038,  2.672,    18
17.993, -1.676,   none, 3D,  0.209, -0.998,  2.740,    18
18.100, -1.688,   none, 3D,  0.280, -0.958,  2.809,    18
18.177, -1.700,   none, 3D,  0.280, -0.995,  2.877,    18
18.257, -1.716,   none, 3D,  0.279, -0.955,  2.946,    18
18.363, -1.731,   none, 3D,  0.350, -0.915,  3.014,    18
18.442, -1.750,   none, 3D,  0.349, -0.875,  3.083,    18
18.549, -1.768,   none, 3D,  0.420, -0.836,  3.151,    18
18.628, -1.791,   none, 3D,  0.419, -0.796,  3.220,    18
18.706, -1.813,   none, 3D,  0.419, -0.832,  3.288,    18
18.812, -1.840,   none, 3D,  0.490, -0.792,  3.357,    18
18.891, -1.871,   none, 3D,  0.488, -0.753,  3.425,    18
18.998, -1.904,   none, 3D,  0.560, -0.713,  3.494,    18
19.077, -1.939,   none, 3D,  0.558, -0.673,  3.562,    18
19.184, -1.978,   none, 3D,  0.629, -0.633,  3.631,    18
19.263, -2.016,   none, 3D,  0.628, -0.594,  3.699,    18
19.369, -2.054,   none, 3D,  0.699, -0.554,  3.768,    18
19.449, -2.089,   none, 3D,  0.698, -0.514,  3.836,    18
19.528, -2.115,   none, 3D,  0.697, -0.474,  3.905,    18
19.634, -2.130,   none, 3D,  0.768, -0.434,  3.973,    18
21.351, -2.362,  Li_i2, 0D,  0.118,  1.381,  0.411,    66
21.430, -2.353,   none, 0D,  0.117,  1.421,  0.480,    66
21.536, -2.337,   none, 0D,  0.043,  1.497,  0.480,    66
21.615, -2.317,   none, 0D,  0.041,  1.537,  0.548,    66
21.724, -2.299,   none, 0D, -0.032,  1.576,  0.617,    66
21.832, -2.283,   none, 0D,  5.111,  1.616,  0.685,    66
21.940, -2.269,   none, 0D,  5.037,  1.656,  0.754,    66
22.048, -2.255,   none, 0D,  4.963,  1.696,  0.822,    66
22.125, -2.244,   none, 0D,  4.962,  1.772,  0.822,    66
22.233, -2.232,   none, 0D,  4.888,  1.812,  0.891,    66
22.339, -2.213,   none, 0D,  4.814,  1.888,  0.891,    66
22.418, -2.192,   none, 0D,  4.813,  1.928,  0.959,    66
22.494, -2.168,   none, 0D,  4.812,  2.004,  0.959,    66
22.600, -2.141,   none, 0D,  4.738,  2.080,  0.959,    66
22.676, -2.114,   none, 0D,  4.737,  2.156,  0.959,    66
22.752, -2.084,   none, 0D,  4.735,  2.232,  0.959,    66
22.858, -2.058,   none, 0D,  4.662,  2.308,  0.959,    66
22.935, -2.037,   none, 0D,  4.660,  2.384,  0.959,    66
23.011, -2.018,   none, 0D,  4.659,  2.461,  0.959,    66
23.117, -2.008,   none, 0D,  4.585,  2.537,  0.959,    66
23.193, -2.005, saddle, 0D,  4.584,  2.613,  0.959,    66
23.269, -2.005,   none, 0D,  4.583,  2.689,  0.959,    66
23.375, -2.015,   none, 0D,  4.509,  2.765,  0.959,    66
23.451, -2.030,   none, 0D,  4.508,  2.841,  0.959,    66
23.527, -2.047,   none, 0D,  4.506,  2.917,  0.959,    66
23.678, -2.068,   none, 0D,  4.433,  3.030,  0.891,    66
23.755, -2.092,   none, 0D,  4.431,  3.106,  0.891,    66
23.831, -2.112,   none, 0D,  4.430,  3.182,  0.891,    66
23.907, -2.127,   none, 0D,  4.429,  3.258,  0.891,    66
23.983, -2.135,  Li_i1, 0D,  4.428,  3.335,  0.891,    70
24.061, -2.131,   none, 0D,  4.428,  3.371,  0.822,    70
24.138, -2.118,   none, 0D,  4.428,  3.407,  0.754,    70
24.288, -2.105,   none, 0D,  4.499,  3.520,  0.685,    70
24.365, -2.091,   none, 0D,  4.499,  3.556,  0.617,    70
24.472, -2.082,   none, 0D,  4.571,  3.593,  0.548,    70
24.578, -2.075, saddle, 0D,  4.644,  3.629,  0.480,    70
24.655, -2.077,   none, 0D,  4.644,  3.665,  0.411,    70
24.805, -2.093,   none, 0D,  4.715,  3.778,  0.343,    70
24.911, -2.113,   none, 0D,  4.787,  3.814,  0.274,    70
25.061, -2.142,   none, 0D,  4.859,  3.927,  0.206,    70
25.167, -2.178,   none, 0D,  4.931,  3.963,  0.137,    70
25.245, -2.222,   none, 0D,  4.931,  4.000,  0.069,    70
25.322, -2.259,   none, 0D,  4.931,  4.036,  0.000,    70
25.428, -2.295,   none, 0D,  5.002,  1.453,  4.864,    70
25.506, -2.322,   none, 0D,  5.002,  1.490,  4.796,    70
25.585, -2.342,   none, 0D,  5.004,  1.450,  4.727,    70
25.663, -2.356,   none, 0D,  5.004,  1.486,  4.659,    70
25.742, -2.360,   none, 0D,  5.005,  1.446,  4.590,    70
25.820, -2.362,  Li_i2, 0D,  5.005,  1.483,  4.522,    27
25.899, -2.353,   none, 0D,  5.006,  1.443,  4.453,    27
26.005, -2.337,   none, 0D,  5.080,  1.367,  4.453,    27
26.084, -2.317,   none, 0D,  5.081,  1.327,  4.385,    27
26.192, -2.299,   none, 0D, -0.061,  1.287,  4.316,    27
26.300, -2.283,   none, 0D,  0.012,  1.248,  4.248,    27
26.409, -2.269,   none, 0D,  0.086,  1.208,  4.179,    27
26.517, -2.255,   none, 0D,  0.160,  1.168,  4.111,    27
26.593, -2.244,   none, 0D,  0.161,  1.092,  4.111,    27
26.701, -2.232,   none, 0D,  0.235,  1.052,  4.042,    27
26.807, -2.213,   none, 0D,  0.309,  0.976,  4.042,    27
26.887, -2.192,   none, 0D,  0.310,  0.936,  3.973,    27
26.963, -2.168,   none, 0D,  0.311,  0.860,  3.973,    27
27.069, -2.141,   none, 0D,  0.385,  0.784,  3.973,    27
27.145, -2.114,   none, 0D,  0.386,  0.708,  3.973,    27
27.221, -2.084,   none, 0D,  0.388,  0.632,  3.973,    27
27.327, -2.058,   none, 0D,  0.461,  0.555,  3.973,    27
27.403, -2.037,   none, 0D,  0.463,  0.479,  3.973,    27
27.479, -2.018,   none, 0D,  0.464,  0.403,  3.973,    27
27.585, -2.008,   none, 0D,  0.538,  0.327,  3.973,    27
27.662, -2.005, saddle, 0D,  0.539,  0.251,  3.973,    27
27.738, -2.005,   none, 0D,  0.540,  0.175,  3.973,    27
27.844, -2.015,   none, 0D,  0.614,  0.099,  3.973,    27
27.920, -2.030,   none, 0D,  0.615,  0.022,  3.973,    27
27.996, -2.047,   none, 0D,  0.616, -0.054,  3.973,    27
28.147, -2.068,   none, 0D,  0.690, -0.166,  4.042,    27
28.223, -2.092,   none, 0D,  0.691, -0.242,  4.042,    27
28.299, -2.112,   none, 0D,  0.693, -0.319,  4.042,    27
28.375, -2.127,   none, 0D,  0.694, -0.395,  4.042,    27
28.452, -2.135,  Li_i1, 0D,  0.695, -0.471,  4.042,    23
28.529, -2.131,   none, 0D,  0.695, -0.507,  4.111,    23
28.607, -2.118,   none, 0D,  0.695, -0.544,  4.179,    23
28.757, -2.105,   none, 0D,  0.624, -0.656,  4.248,    23
28.834, -2.091,   none, 0D,  0.624, -0.693,  4.316,    23
28.940, -2.082,   none, 0D,  0.552, -0.729,  4.385,    23
29.046, -2.075, saddle, 0D,  0.479, -0.765,  4.453,    23
29.124, -2.077,   none, 0D,  0.479, -0.802,  4.522,    23
29.274, -2.093,   none, 0D,  0.408, -0.914,  4.590,    23
29.380, -2.113,   none, 0D,  0.335, -0.951,  4.659,    23
29.530, -2.142,   none, 0D,  0.264, -1.063,  4.727,    23
29.636, -2.178,   none, 0D,  0.192, -1.099,  4.796,    23
29.713, -2.222,   none, 0D,  0.192, -1.136,  4.864,    23
29.791, -2.259,   none, 0D,  0.193,  1.447,  0.000,    23
29.897, -2.295,   none, 0D,  0.120,  1.410,  0.069,    23
29.975, -2.322,   none, 0D,  0.120,  1.374,  0.137,    23
30.054, -2.342,   none, 0D,  0.119,  1.414,  0.206,    23
30.131, -2.356,   none, 0D,  0.119,  1.377,  0.274,    23
30.211, -2.360,   none, 0D,  0.118,  1.417,  0.343,    23
