r_coor, energy,   site, dn,      x,      y,      z, index
 4.417, -2.043,  Li_i2, 1D,  3.636,  0.288,  3.156,    94
 4.577, -2.039,   none, 1D,  3.542,  0.192,  3.244,    94
 4.705, -2.035,   none, 1D,  3.449,  0.192,  3.331,    94
 4.833, -2.030,   none, 1D,  3.356,  0.192,  3.419,    94
 4.963, -2.024,   none, 1D,  3.356,  0.288,  3.507,    94
 5.091, -2.016,   none, 1D,  3.263,  0.288,  3.594,    94
 5.221, -2.006,   none, 1D,  3.263,  0.384,  3.682,    94
 5.308, -1.995,   none, 1D,  3.263,  0.384,  3.770,    94
 5.438, -1.983,   none, 1D,  3.263,  0.480,  3.857,    94
 5.526, -1.969,   none, 1D,  3.263,  0.480,  3.945,    94
 5.656, -1.958,   none, 1D,  3.263,  0.576,  4.033,    94
 5.786, -1.948,   none, 1D,  3.263,  0.672,  4.120,    94
 5.946, -1.939,   none, 1D,  3.170,  0.768,  4.208,    94
 6.034, -1.936, saddle, 1D,  3.170,  0.768,  4.296,    94
 6.164, -1.941,   none, 1D,  3.170,  0.864,  4.383,    94
 6.294, -1.946,   none, 1D,  3.170,  0.960,  4.471,    94
 6.454, -1.950,   none, 1D,  3.076,  1.056,  4.559,    94
 6.614, -1.952,   none, 1D,  2.983,  1.152,  4.646,    94
 6.773, -1.952,   none, 1D,  2.890,  1.248,  4.734,    94
 6.907, -1.953,   none, 1D,  2.797,  1.344,  4.734,    94
 7.067, -1.960,   none, 1D,  2.703,  1.440,  4.822,    94
 7.161, -1.969,   none, 1D,  2.610,  1.440,  4.822,    94
 7.294, -1.984,   none, 1D,  2.517,  1.536,  4.822,    94
 7.454, -2.000,   none, 1D,  2.424,  1.632,  4.909,    94
 7.588, -2.017,   none, 1D,  2.331,  1.728,  4.909,    94
 7.681, -2.030,   none, 1D,  2.237,  1.728,  4.909,    94
 7.841, -2.044,   none, 1D,  2.144,  1.824,  4.997,    94
 7.935, -2.053,   none, 1D,  2.051,  1.824,  4.997,    94
 8.095, -2.063,   none, 1D,  1.958,  1.920,  5.085,    94
 8.222, -2.072,   none, 1D,  1.864,  1.920,  5.172,    94
 8.382, -2.079,   none, 1D,  1.771,  2.016,  5.260,    94
 8.542, -2.082,   none, 1D,  1.678,  1.920,  5.172,    94
 8.702, -2.082,   none, 1D,  1.585,  1.824,  5.085,    94
 8.796, -2.083,  Li_i5, 1D,  1.492,  1.824,  5.085,    58
 8.889, -2.082,   none, 1D,  1.585,  1.824,  5.085,    58
 9.049, -2.082,   none, 1D,  1.678,  1.920,  5.172,    58
 9.179, -2.079,   none, 1D,  1.678,  2.016,  5.260,    58
 9.339, -2.076,   none, 1D,  1.771,  2.112,  5.348,    58
 9.469, -2.073,   none, 1D,  1.771,  2.208,  5.435,    58
 9.599, -2.070,   none, 1D,  1.771,  2.304,  5.523,    58
 9.729, -2.068, saddle, 1D,  1.771,  2.400,  5.611,    58
 9.859, -2.070,   none, 1D,  1.771,  2.496,  5.698,    58
 9.989, -2.077,   none, 1D,  1.771,  2.592,  5.786,    58
10.119, -2.090,   none, 1D,  1.771,  2.688,  5.874,    58
10.249, -2.112,   none, 1D,  1.771,  2.784,  5.961,    58
10.379, -2.141,   none, 1D,  1.771,  2.880,  6.049,    58
10.509, -2.172,   none, 1D,  1.771,  2.976,  6.137,    58
10.597, -2.197,   none, 1D,  1.771,  2.976,  6.224,    58
10.727, -2.206,    Li3, 1D,  1.771,  3.072,  0.000,    57
10.857, -2.197,   none, 1D,  1.771,  2.976,  0.088,    57
10.944, -2.172,   none, 1D,  1.771,  2.976,  0.175,    57
11.074, -2.141,   none, 1D,  1.771,  2.880,  0.263,    57
11.204, -2.112,   none, 1D,  1.771,  2.784,  0.351,    57
11.334, -2.090,   none, 1D,  1.771,  2.688,  0.438,    57
11.464, -2.077,   none, 1D,  1.771,  2.592,  0.526,    57
11.594, -2.070,   none, 1D,  1.771,  2.496,  0.614,    57
11.724, -2.068, saddle, 1D,  1.771,  2.400,  0.701,    57
11.854, -2.070,   none, 1D,  1.771,  2.304,  0.789,    57
11.984, -2.073,   none, 1D,  1.771,  2.208,  0.877,    57
12.114, -2.076,   none, 1D,  1.771,  2.112,  0.964,    57
12.274, -2.079,   none, 1D,  1.678,  2.016,  1.052,    57
12.404, -2.082,   none, 1D,  1.678,  1.920,  1.140,    57
12.564, -2.082,   none, 1D,  1.585,  1.824,  1.227,    57
12.657, -2.083,  Li_i5, 1D,  1.492,  1.824,  1.227,    93
12.751, -2.082,   none, 1D,  1.585,  1.824,  1.227,    93
12.911, -2.082,   none, 1D,  1.678,  1.920,  1.140,    93
13.071, -2.079,   none, 1D,  1.771,  2.016,  1.052,    93
13.231, -2.072,   none, 1D,  1.864,  1.920,  1.140,    93
13.359, -2.063,   none, 1D,  1.958,  1.920,  1.227,    93
13.519, -2.053,   none, 1D,  2.051,  1.824,  1.315,    93
13.612, -2.044,   none, 1D,  2.144,  1.824,  1.315,    93
13.772, -2.030,   none, 1D,  2.237,  1.728,  1.403,    93
13.865, -2.017,   none, 1D,  2.331,  1.728,  1.403,    93
13.999, -2.000,   none, 1D,  2.424,  1.632,  1.403,    93
14.159, -1.984,   none, 1D,  2.517,  1.536,  1.490,    93
14.293, -1.969,   none, 1D,  2.610,  1.440,  1.490,    93
14.386, -1.960,   none, 1D,  2.703,  1.440,  1.490,    93
14.546, -1.953,   none, 1D,  2.797,  1.344,  1.578,    93
14.680, -1.952,   none, 1D,  2.890,  1.248,  1.578,    93
14.840, -1.952,   none, 1D,  2.983,  1.152,  1.666,    93
15.000, -1.950,   none, 1D,  3.076,  1.056,  1.753,    93
15.160, -1.946,   none, 1D,  3.170,  0.960,  1.841,    93
15.290, -1.941,   none, 1D,  3.170,  0.864,  1.929,    93
15.420, -1.936, saddle, 1D,  3.170,  0.768,  2.016,    93
15.507, -1.939,   none, 1D,  3.170,  0.768,  2.104,    93
15.667, -1.948,   none, 1D,  3.263,  0.672,  2.192,    93
15.797, -1.958,   none, 1D,  3.263,  0.576,  2.279,    93
15.927, -1.969,   none, 1D,  3.263,  0.480,  2.367,    93
16.015, -1.983,   none, 1D,  3.263,  0.480,  2.455,    93
16.145, -1.995,   none, 1D,  3.263,  0.384,  2.542,    93
16.233, -2.006,   none, 1D,  3.263,  0.384,  2.630,    93
16.363, -2.016,   none, 1D,  3.263,  0.288,  2.718,    93
16.491, -2.024,   none, 1D,  3.356,  0.288,  2.805,    93
16.621, -2.030,   none, 1D,  3.356,  0.192,  2.893,    93
16.749, -2.035,   none, 1D,  3.449,  0.192,  2.981,    93
16.876, -2.039,   none, 1D,  3.542,  0.192,  3.068,    93
19.489, -2.206,    Li3, 2D,  1.585,  7.680,  3.156,    68
19.582, -2.203,   none, 2D,  1.678,  7.680,  3.156,    68
19.676, -2.177,   none, 2D,  1.771,  7.680,  3.156,    68
19.809, -2.129,   none, 2D,  1.864,  7.776,  3.156,    68
19.943, -2.070,   none, 2D,  1.958,  7.872,  3.156,    68
20.077, -2.012,   none, 2D,  2.051,  7.968,  3.156,    68
20.211, -1.963,   none, 2D,  2.144,  8.064,  3.156,    68
20.345, -1.932,   none, 2D,  2.237,  8.160,  3.156,    68
20.479, -1.921, saddle, 2D,  2.331,  8.256,  3.156,    68
20.612, -1.928,   none, 2D,  2.424,  8.352,  3.156,    68
20.746, -1.949,   none, 2D,  2.517,  8.448,  3.156,    68
20.880, -1.976,   none, 2D,  2.610,  8.544,  3.156,    68
21.014, -2.003,   none, 2D,  2.703,  8.640,  3.156,    68
21.148, -2.025,   none, 2D,  2.797,  8.736,  3.156,    68
21.282, -2.038,   none, 2D,  2.890,  8.832,  3.156,    68
21.415, -2.043,   none, 2D,  2.983,  8.928,  3.156,    68
26.182, -2.206,    Li3, 2D,  1.771,  3.072,  0.000,    39
26.275, -2.203,   none, 2D,  1.678,  3.072,  0.000,    39
26.368, -2.177,   none, 2D,  1.585,  3.072,  0.000,    39
26.502, -2.129,   none, 2D,  1.492,  3.168,  0.000,    39
26.636, -2.070,   none, 2D,  1.398,  3.264,  0.000,    39
26.770, -2.012,   none, 2D,  1.305,  3.360,  0.000,    39
26.903, -1.963,   none, 2D,  1.212,  3.456,  0.000,    39
27.037, -1.932,   none, 2D,  1.119,  3.552,  0.000,    39
27.171, -1.921, saddle, 2D,  1.025,  3.648,  0.000,    39
27.305, -1.928,   none, 2D,  0.932,  3.744,  0.000,    39
27.439, -1.949,   none, 2D,  0.839,  3.840,  0.000,    39
27.573, -1.976,   none, 2D,  0.746,  3.936,  0.000,    39
27.706, -2.003,   none, 2D,  0.653,  4.032,  0.000,    39
27.840, -2.025,   none, 2D,  0.559,  4.128,  0.000,    39
27.974, -2.038,   none, 2D,  0.466,  4.224,  0.000,    39
28.108, -2.043,   none, 2D,  0.373,  4.320,  0.000,    39
33.813, -2.046,  Li_i1, 0D,  2.890,  0.288,  3.156,   104
33.947, -2.043,   none, 0D,  2.983,  0.192,  3.156,   104
34.040, -2.041,   none, 0D,  3.076,  0.192,  3.156,   104
34.174, -2.039,   none, 0D,  3.170,  0.096,  3.156,   104
34.268, -2.037,   none, 0D,  3.263,  0.096,  3.156,   104
34.401, -2.037, saddle, 0D,  3.356,  0.192,  3.156,   104
34.495, -2.039,   none, 0D,  3.449,  0.192,  3.156,   104
34.588, -2.041,   none, 0D,  3.542,  0.192,  3.156,   104
34.722, -2.043,  Li_i2, 0D,  3.636,  0.288,  3.156,   121
34.818, -2.043,   none, 0D,  3.636,  0.192,  3.156,   121
34.914, -2.041,   none, 0D,  3.636,  0.096,  3.156,   121
35.010, -2.040, saddle, 0D,  3.636,  0.000,  3.156,   121
35.143, -2.041,   none, 0D,  3.729,  9.120,  3.156,   121
35.239, -2.043,   none, 0D,  3.729,  9.024,  3.156,   121
35.373, -2.046,  Li_i1, 0D,  3.822,  8.928,  3.156,   107
35.507, -2.043,   none, 0D,  3.729,  9.024,  3.156,   107
35.600, -2.041,   none, 0D,  3.636,  9.024,  3.156,   107
35.734, -2.039,   none, 0D,  3.542,  9.120,  3.156,   107
35.827, -2.037,   none, 0D,  3.449,  9.120,  3.156,   107
35.961, -2.037, saddle, 0D,  3.356,  9.024,  3.156,   107
36.054, -2.039,   none, 0D,  3.263,  9.024,  3.156,   107
36.148, -2.041,   none, 0D,  3.170,  9.024,  3.156,   107
36.281, -2.043,  Li_i2, 0D,  3.076,  8.928,  3.156,    91
36.377, -2.043,   none, 0D,  3.076,  9.024,  3.156,    91
36.473, -2.041,   none, 0D,  3.076,  9.120,  3.156,    91
36.569, -2.040, saddle, 0D,  3.076,  0.000,  3.156,    91
36.703, -2.041,   none, 0D,  2.983,  0.096,  3.156,    91
36.799, -2.043,   none, 0D,  2.983,  0.192,  3.156,    91
