r_coor, energy,   site, dn,      x,      y,      z, index
 4.120, -2.138,  Li_i5, 1D,  3.118,  0.708,  2.597,    74
 4.203, -2.129,   none, 1D,  3.202,  0.708,  2.597,    74
 4.286, -2.091,   none, 1D,  3.285,  0.708,  2.597,    74
 4.436, -2.026,   none, 1D,  3.405,  0.708,  2.508,    74
 4.585, -1.946,   none, 1D,  3.524,  0.708,  2.418,    74
 4.735, -1.874,   none, 1D,  3.644,  0.708,  2.329,    74
 4.884, -1.827,   none, 1D,  3.763,  0.708,  2.239,    74
 5.034, -1.816, saddle, 1D,  3.883,  0.708,  2.150,    74
 5.183, -1.842,   none, 1D,  4.003,  0.708,  2.060,    74
 5.332, -1.899,   none, 1D,  4.122,  0.708,  1.971,    74
 5.482, -1.973,   none, 1D,  4.242,  0.708,  1.881,    74
 5.631, -2.044,   none, 1D,  4.361,  0.708,  1.791,    74
 5.715, -2.089,   none, 1D,  4.445,  0.708,  1.791,    74
 5.798, -2.108,    Li1, 1D,  4.528,  0.708,  1.791,    81
 5.895, -2.102,   none, 1D,  4.564,  0.708,  1.702,    81
 6.014, -2.068,   none, 1D,  4.601,  0.779,  1.612,    81
 6.138, -2.020,   none, 1D,  4.553,  0.849,  1.523,    81
 6.258, -1.964,   none, 1D,  4.590,  0.920,  1.433,    81
 6.381, -1.916,   none, 1D,  4.543,  0.991,  1.344,    81
 6.501, -1.873,   none, 1D,  4.579,  1.062,  1.254,    81
 6.624, -1.854,   none, 1D,  4.532,  1.133,  1.164,    81
 6.748, -1.844, saddle, 1D,  4.484,  1.203,  1.075,    81
 6.871, -1.845,   none, 1D,  4.437,  1.274,  0.985,    81
 6.991, -1.863,   none, 1D,  4.474,  1.345,  0.896,    81
 7.115, -1.885,   none, 1D,  4.426,  1.416,  0.806,    81
 7.216, -1.908,   none, 1D,  4.379,  1.416,  0.717,    81
 7.340, -1.927,   none, 1D,  4.332,  1.486,  0.627,    81
 7.463, -1.932,   none, 1D,  4.285,  1.557,  0.537,    81
 7.546, -1.932,  Li_i3, 1D,  4.202,  1.557,  0.537,    61
 7.670, -1.931,   none, 1D,  4.154,  1.628,  0.448,    61
 7.790, -1.910,   none, 1D,  4.191,  1.557,  0.358,    61
 7.913, -1.873,   none, 1D,  4.143,  1.486,  0.269,    61
 8.033, -1.833,   none, 1D,  4.180,  1.416,  0.179,    61
 8.153, -1.798,   none, 1D,  4.216,  1.345,  0.090,    61
 8.273, -1.775,   none, 1D,  4.252,  1.274,  0.000,    61
 8.396, -1.771, saddle, 1D,  1.597,  1.203,  6.359,    61
 8.516, -1.791,   none, 1D,  1.633,  1.133,  6.270,    61
 8.636, -1.826,   none, 1D,  1.669,  1.062,  6.180,    61
 8.759, -1.872,   none, 1D,  1.622,  0.991,  6.091,    61
 8.879, -1.935,   none, 1D,  1.658,  0.920,  6.001,    61
 8.999, -1.993,   none, 1D,  1.695,  0.849,  5.912,    61
 9.118, -2.036,   none, 1D,  1.731,  0.779,  5.822,    61
 9.242, -2.049,    Li3, 1D,  1.684,  0.708,  5.732,    57
 9.351, -2.048,   none, 1D,  1.767,  0.637,  5.732,    57
 9.422, -2.037,   none, 1D,  1.767,  0.566,  5.732,    57
 9.493, -2.019,   none, 1D,  1.767,  0.495,  5.732,    57
 9.564, -1.997,   none, 1D,  1.767,  0.425,  5.732,    57
 9.634, -1.974,   none, 1D,  1.767,  0.354,  5.732,    57
 9.705, -1.952,   none, 1D,  1.767,  0.283,  5.732,    57
 9.776, -1.934,   none, 1D,  1.767,  0.212,  5.732,    57
 9.847, -1.921,   none, 1D,  1.767,  0.142,  5.732,    57
 9.918, -1.914, saddle, 1D,  1.767,  0.071,  5.732,    57
 9.988, -1.915,   none, 1D,  1.767,  0.000,  5.732,    57
10.059, -1.923,   none, 1D,  1.767,  5.026,  5.732,    57
10.130, -1.938,   none, 1D,  1.767,  4.955,  5.732,    57
10.201, -1.959,   none, 1D,  1.767,  4.884,  5.732,    57
10.310, -1.985,   none, 1D,  1.851,  4.813,  5.732,    57
10.381, -2.017,   none, 1D,  1.851,  4.742,  5.732,    57
10.452, -2.050,   none, 1D,  1.851,  4.672,  5.732,    57
10.522, -2.081,   none, 1D,  1.851,  4.601,  5.732,    57
10.642, -2.109,   none, 1D,  1.814,  4.530,  5.822,    57
10.713, -2.129,   none, 1D,  1.814,  4.459,  5.822,    57
10.784, -2.138,  Li_i5, 1D,  1.814,  4.389,  5.822,    76
10.867, -2.129,   none, 1D,  1.898,  4.389,  5.822,    76
10.950, -2.091,   none, 1D,  1.981,  4.389,  5.822,    76
11.100, -2.026,   none, 1D,  2.101,  4.389,  5.732,    76
11.249, -1.946,   none, 1D,  2.220,  4.389,  5.643,    76
11.399, -1.874,   none, 1D,  2.340,  4.389,  5.553,    76
11.548, -1.827,   none, 1D,  2.459,  4.389,  5.464,    76
11.698, -1.816, saddle, 1D,  2.579,  4.389,  5.374,    76
11.847, -1.842,   none, 1D,  2.699,  4.389,  5.285,    76
11.996, -1.899,   none, 1D,  2.818,  4.389,  5.195,    76
12.146, -1.973,   none, 1D,  2.938,  4.389,  5.105,    76
12.295, -2.044,   none, 1D,  3.057,  4.389,  5.016,    76
12.379, -2.089,   none, 1D,  3.141,  4.389,  5.016,    76
12.462, -2.108,    Li1, 1D,  3.224,  4.389,  5.016,    83
12.559, -2.102,   none, 1D,  3.260,  4.389,  4.926,    83
12.678, -2.068,   none, 1D,  3.297,  4.318,  4.837,    83
12.802, -2.020,   none, 1D,  3.249,  4.247,  4.747,    83
12.922, -1.964,   none, 1D,  3.286,  4.176,  4.658,    83
13.045, -1.916,   none, 1D,  3.239,  4.105,  4.568,    83
13.165, -1.873,   none, 1D,  3.275,  4.035,  4.478,    83
13.288, -1.854,   none, 1D,  3.228,  3.964,  4.389,    83
13.412, -1.844, saddle, 1D,  3.180,  3.893,  4.299,    83
13.536, -1.845,   none, 1D,  3.133,  3.822,  4.210,    83
13.655, -1.863,   none, 1D,  3.170,  3.752,  4.120,    83
13.779, -1.885,   none, 1D,  3.122,  3.681,  4.031,    83
13.880, -1.908,   none, 1D,  3.075,  3.681,  3.941,    83
14.004, -1.927,   none, 1D,  3.028,  3.610,  3.851,    83
14.127, -1.932,   none, 1D,  2.981,  3.539,  3.762,    83
14.210, -1.932,  Li_i3, 1D,  2.898,  3.539,  3.762,    67
14.334, -1.931,   none, 1D,  2.850,  3.468,  3.672,    67
14.454, -1.910,   none, 1D,  2.887,  3.539,  3.583,    67
14.577, -1.873,   none, 1D,  2.839,  3.610,  3.493,    67
14.697, -1.833,   none, 1D,  2.876,  3.681,  3.404,    67
14.817, -1.798,   none, 1D,  2.912,  3.752,  3.314,    67
14.937, -1.775,   none, 1D,  2.948,  3.822,  3.224,    67
15.060, -1.771, saddle, 1D,  2.901,  3.893,  3.135,    67
15.180, -1.791,   none, 1D,  2.937,  3.964,  3.045,    67
15.300, -1.826,   none, 1D,  2.973,  4.035,  2.956,    67
15.423, -1.872,   none, 1D,  2.926,  4.105,  2.866,    67
15.543, -1.935,   none, 1D,  2.962,  4.176,  2.777,    67
15.663, -1.993,   none, 1D,  2.999,  4.247,  2.687,    67
15.782, -2.036,   none, 1D,  3.035,  4.318,  2.597,    67
15.906, -2.049,    Li3, 1D,  2.988,  4.389,  2.508,    58
16.015, -2.048,   none, 1D,  3.071,  4.459,  2.508,    58
16.086, -2.037,   none, 1D,  3.071,  4.530,  2.508,    58
16.157, -2.019,   none, 1D,  3.071,  4.601,  2.508,    58
16.228, -1.997,   none, 1D,  3.071,  4.672,  2.508,    58
16.298, -1.974,   none, 1D,  3.071,  4.742,  2.508,    58
16.369, -1.952,   none, 1D,  3.071,  4.813,  2.508,    58
16.440, -1.934,   none, 1D,  3.071,  4.884,  2.508,    58
16.511, -1.921,   none, 1D,  3.071,  4.955,  2.508,    58
16.582, -1.914, saddle, 1D,  3.071,  5.026,  2.508,    58
16.652, -1.915,   none, 1D,  3.071,  0.000,  2.508,    58
16.723, -1.923,   none, 1D,  3.071,  0.071,  2.508,    58
16.794, -1.938,   none, 1D,  3.071,  0.142,  2.508,    58
16.865, -1.959,   none, 1D,  3.071,  0.212,  2.508,    58
16.974, -1.985,   none, 1D,  3.155,  0.283,  2.508,    58
17.045, -2.017,   none, 1D,  3.155,  0.354,  2.508,    58
17.116, -2.050,   none, 1D,  3.155,  0.425,  2.508,    58
17.186, -2.081,   none, 1D,  3.155,  0.495,  2.508,    58
17.306, -2.109,   none, 1D,  3.118,  0.566,  2.597,    58
17.377, -2.129,   none, 1D,  3.118,  0.637,  2.597,    58
20.188, -1.913,  Li_i4, 2D,  2.339,  3.185,  3.493,    48
20.259, -1.911,   none, 2D,  2.339,  3.114,  3.493,    48
20.368, -1.903,   none, 2D,  2.256,  3.044,  3.493,    48
20.478, -1.890,   none, 2D,  2.172,  2.973,  3.493,    48
20.548, -1.875,   none, 2D,  2.172,  2.902,  3.493,    48
20.619, -1.857,   none, 2D,  2.172,  2.831,  3.493,    48
20.690, -1.839,   none, 2D,  2.172,  2.761,  3.493,    48
20.761, -1.820,   none, 2D,  2.172,  2.690,  3.493,    48
20.832, -1.803,   none, 2D,  2.172,  2.619,  3.493,    48
20.902, -1.788,   none, 2D,  2.172,  2.548,  3.493,    48
21.012, -1.775,   none, 2D,  2.256,  2.477,  3.493,    48
21.083, -1.767,   none, 2D,  2.256,  2.407,  3.493,    48
21.153, -1.761,   none, 2D,  2.256,  2.336,  3.493,    48
21.263, -1.759, saddle, 2D,  2.339,  2.265,  3.493,    48
21.333, -1.761,   none, 2D,  2.339,  2.194,  3.493,    48
21.443, -1.766,   none, 2D,  2.423,  2.123,  3.493,    48
21.566, -1.776,   none, 2D,  2.470,  2.053,  3.583,    48
21.676, -1.795,   none, 2D,  2.553,  1.982,  3.583,    48
21.785, -1.816,   none, 2D,  2.636,  1.911,  3.583,    48
21.856, -1.838,   none, 2D,  2.636,  1.840,  3.583,    48
21.965, -1.865,   none, 2D,  2.720,  1.770,  3.583,    48
22.089, -1.896,   none, 2D,  2.767,  1.699,  3.672,    48
22.198, -1.934,   none, 2D,  2.850,  1.628,  3.672,    48
22.307, -1.970,   none, 2D,  2.934,  1.557,  3.672,    48
22.417, -2.003,   none, 2D,  3.017,  1.486,  3.672,    48
22.526, -2.028,   none, 2D,  3.101,  1.416,  3.672,    48
22.650, -2.040,   none, 2D,  3.148,  1.345,  3.762,    48
25.056, -2.108,    Li1, 3D,  3.224,  4.389,  5.016,   110
25.140, -2.104,   none, 3D,  3.308,  4.389,  5.016,   110
25.223, -2.079,   none, 3D,  3.391,  4.389,  5.016,   110
25.333, -2.039,   none, 3D,  3.474,  4.318,  5.016,   110
25.434, -1.998,   none, 3D,  3.521,  4.318,  5.105,   110
25.543, -1.952,   none, 3D,  3.605,  4.247,  5.105,   110
25.626, -1.901,   none, 3D,  3.688,  4.247,  5.105,   110
25.728, -1.862,   none, 3D,  3.735,  4.247,  5.195,   110
25.837, -1.820,   none, 3D,  3.819,  4.176,  5.195,   110
25.938, -1.782,   none, 3D,  3.866,  4.176,  5.285,   110
26.022, -1.749,   none, 3D,  3.949,  4.176,  5.285,   110
26.105, -1.712,   none, 3D,  4.033,  4.176,  5.285,   110
26.229, -1.690,   none, 3D,  4.080,  4.105,  5.374,   110
26.338, -1.663,   none, 3D,  4.163,  4.176,  5.374,   110
26.461, -1.643,   none, 3D,  4.210,  4.105,  5.464,   110
26.571, -1.627,   none, 3D,  4.294,  4.176,  5.464,   110
26.654, -1.613,   none, 3D,  4.377,  4.176,  5.464,   110
26.755, -1.605,   none, 3D,  4.424,  4.176,  5.553,   110
26.839, -1.600,   none, 3D,  4.508,  4.176,  5.553,   110
26.940, -1.597, saddle, 3D,  4.555,  4.176,  5.643,   110
27.049, -1.600,   none, 3D,  4.638,  4.247,  5.643,   110
27.133, -1.603,   none, 3D,  4.722,  4.247,  5.643,   110
27.234, -1.609,   none, 3D,  4.769,  4.247,  5.732,   110
27.343, -1.617,   none, 3D,  4.852,  4.318,  5.732,   110
27.445, -1.625,   none, 3D,  4.899,  4.318,  5.822,   110
27.528, -1.635,   none, 3D,  4.983,  4.318,  5.822,   110
27.637, -1.646,   none, 3D,  5.066,  4.389,  5.822,   110
27.739, -1.659,   none, 3D,  5.113,  4.389,  5.912,   110
27.840, -1.672,   none, 3D,  5.160,  4.389,  6.001,   110
27.963, -1.686,   none, 3D,  5.207,  4.459,  6.091,   110
28.064, -1.705,   none, 3D,  5.255,  4.459,  6.180,   110
28.166, -1.725,   none, 3D,  5.302,  4.459,  6.270,   110
28.289, -1.750,   none, 3D,  5.349,  4.530,  6.359,   110
28.390, -1.777,   none, 3D,  8.004,  4.530,  0.000,   110
28.514, -1.806,   none, 3D,  8.051,  4.601,  0.090,   110
28.615, -1.836,   none, 3D,  8.098,  4.601,  0.179,   110
28.716, -1.858,   none, 3D,  8.146,  4.601,  0.269,   110
28.800, -1.872,   none, 3D,  8.229,  4.601,  0.269,   110
28.883, -1.884,   none, 3D,  8.312,  4.601,  0.269,   110
28.967, -1.894,   none, 3D,  8.396,  4.601,  0.269,   110
29.076, -1.902,   none, 3D,  8.479,  4.530,  0.269,   110
29.159, -1.909,   none, 3D,  8.562,  4.530,  0.269,   110
31.368, -2.108,    Li1, 3D, -0.474,  3.256,  1.791,    26
31.452, -2.104,   none, 3D, -0.391,  3.256,  1.791,    26
31.535, -2.079,   none, 3D, -0.308,  3.256,  1.791,    26
31.644, -2.039,   none, 3D, -0.224,  3.327,  1.791,    26
31.746, -1.998,   none, 3D, -0.177,  3.327,  1.881,    26
31.855, -1.952,   none, 3D, -0.094,  3.398,  1.881,    26
31.938, -1.901,   none, 3D, -0.010,  3.398,  1.881,    26
32.040, -1.862,   none, 3D,  0.037,  3.398,  1.971,    26
32.149, -1.820,   none, 3D,  0.120,  3.468,  1.971,    26
32.250, -1.782,   none, 3D,  0.167,  3.468,  2.060,    26
32.334, -1.749,   none, 3D,  0.251,  3.468,  2.060,    26
32.417, -1.712,   none, 3D,  0.334,  3.468,  2.060,    26
32.540, -1.690,   none, 3D,  0.381,  3.539,  2.150,    26
32.650, -1.663,   none, 3D,  0.465,  3.468,  2.150,    26
32.773, -1.643,   none, 3D,  0.512,  3.539,  2.239,    26
32.883, -1.627,   none, 3D,  0.595,  3.468,  2.239,    26
32.966, -1.613,   none, 3D,  0.679,  3.468,  2.239,    26
33.067, -1.605,   none, 3D,  0.726,  3.468,  2.329,    26
33.151, -1.600,   none, 3D,  0.809,  3.468,  2.329,    26
33.252, -1.597, saddle, 3D,  0.856,  3.468,  2.418,    26
33.361, -1.600,   none, 3D,  0.940,  3.398,  2.418,    26
33.445, -1.603,   none, 3D,  1.023,  3.398,  2.418,    26
33.546, -1.609,   none, 3D,  1.070,  3.398,  2.508,    26
33.655, -1.617,   none, 3D,  1.154,  3.327,  2.508,    26
33.756, -1.625,   none, 3D,  1.201,  3.327,  2.597,    26
33.840, -1.635,   none, 3D,  1.284,  3.327,  2.597,    26
33.949, -1.646,   none, 3D,  1.367,  3.256,  2.597,    26
34.050, -1.659,   none, 3D,  1.415,  3.256,  2.687,    26
34.152, -1.672,   none, 3D,  1.462,  3.256,  2.777,    26
34.275, -1.686,   none, 3D,  1.509,  3.185,  2.866,    26
34.376, -1.705,   none, 3D,  1.556,  3.185,  2.956,    26
34.478, -1.725,   none, 3D,  1.603,  3.185,  3.045,    26
34.601, -1.750,   none, 3D,  1.650,  3.114,  3.135,    26
34.702, -1.777,   none, 3D,  1.698,  3.114,  3.224,    26
34.826, -1.806,   none, 3D,  1.745,  3.044,  3.314,    26
34.927, -1.836,   none, 3D,  1.792,  3.044,  3.404,    26
35.028, -1.858,   none, 3D,  1.839,  3.044,  3.493,    26
35.112, -1.872,   none, 3D,  1.922,  3.044,  3.493,    26
35.195, -1.884,   none, 3D,  2.006,  3.044,  3.493,    26
35.278, -1.894,   none, 3D,  2.089,  3.044,  3.493,    26
35.388, -1.902,   none, 3D,  2.172,  3.114,  3.493,    26
35.471, -1.909,   none, 3D,  2.256,  3.114,  3.493,    26
35.581, -1.913,  Li_i4, 0D,  2.339,  3.185,  3.493,    46
35.682, -1.899,   none, 0D,  2.292,  3.185,  3.404,    46
35.783, -1.877,   none, 0D,  2.245,  3.185,  3.314,    46
35.884, -1.851,   none, 0D,  2.198,  3.185,  3.224,    46
36.008, -1.821,   none, 0D,  2.151,  3.256,  3.135,    46
36.127, -1.795,   none, 0D,  2.187,  3.327,  3.045,    46
36.247, -1.772,   none, 0D,  2.223,  3.398,  2.956,    46
36.367, -1.755,   none, 0D,  2.259,  3.468,  2.866,    46
36.491, -1.746, saddle, 0D,  2.212,  3.539,  2.777,    46
36.610, -1.747,   none, 0D,  2.248,  3.610,  2.687,    46
36.730, -1.754,   none, 0D,  2.285,  3.681,  2.597,    46
36.839, -1.768,   none, 0D,  2.368,  3.752,  2.597,    46
37.005, -1.791,   none, 0D,  2.488,  3.822,  2.508,    46
37.114, -1.820,   none, 0D,  2.571,  3.893,  2.508,    46
37.224, -1.857,   none, 0D,  2.654,  3.964,  2.508,    46
37.333, -1.899,   none, 0D,  2.738,  4.035,  2.508,    46
37.442, -1.943,   none, 0D,  2.821,  4.105,  2.508,    46
37.552, -1.985,   none, 0D,  2.904,  4.176,  2.508,    46
37.675, -2.018,   none, 0D,  2.952,  4.247,  2.597,    46
37.795, -2.042,   none, 0D,  2.988,  4.318,  2.508,    46
37.866, -2.049,    Li3, 0D,  2.988,  4.389,  2.508,    66
37.989, -2.036,   none, 0D,  3.035,  4.318,  2.597,    66
38.109, -1.993,   none, 0D,  2.999,  4.247,  2.687,    66
38.229, -1.935,   none, 0D,  2.962,  4.176,  2.777,    66
38.349, -1.872,   none, 0D,  2.926,  4.105,  2.866,    66
38.472, -1.826,   none, 0D,  2.973,  4.035,  2.956,    66
38.592, -1.791,   none, 0D,  2.937,  3.964,  3.045,    66
38.712, -1.771, saddle, 0D,  2.901,  3.893,  3.135,    66
38.835, -1.775,   none, 0D,  2.948,  3.822,  3.224,    66
38.955, -1.798,   none, 0D,  2.912,  3.752,  3.314,    66
39.075, -1.833,   none, 0D,  2.876,  3.681,  3.404,    66
39.194, -1.873,   none, 0D,  2.839,  3.610,  3.493,    66
39.318, -1.910,   none, 0D,  2.887,  3.539,  3.583,    66
39.438, -1.931,   none, 0D,  2.850,  3.468,  3.672,    66
39.561, -1.932,  Li_i3, 0D,  2.898,  3.539,  3.762,    65
39.685, -1.931,   none, 0D,  2.850,  3.468,  3.672,    65
39.794, -1.926,   none, 0D,  2.767,  3.398,  3.672,    65
39.895, -1.919, saddle, 0D,  2.720,  3.398,  3.583,    65
40.005, -1.920,  Li_i6, 0D,  2.636,  3.327,  3.583,    55
40.114, -1.918,   none, 0D,  2.553,  3.256,  3.583,    55
40.197, -1.915,   none, 0D,  2.470,  3.256,  3.583,    55
40.321, -1.913, saddle, 0D,  2.423,  3.185,  3.493,    55
