r_coor, energy,   site, dn,      x,      y,      z, index
 2.946, -2.300,    Li1, 1D,  2.571,  4.316,  0.000,    54
 3.058, -2.292,   none, 1D,  2.612,  4.396,  0.067,    54
 3.175, -2.277,   none, 1D,  2.697,  4.476,  0.067,    54
 3.287, -2.251,   none, 1D,  2.738,  4.556,  0.134,    54
 3.404, -2.214,   none, 1D,  2.823,  4.636,  0.134,    54
 3.516, -2.175,   none, 1D,  2.864,  4.716,  0.201,    54
 3.633, -2.125,   none, 1D,  2.950,  4.796,  0.201,    54
 3.745, -2.087,   none, 1D,  2.990,  4.875,  0.268,    54
 3.857, -2.045,   none, 1D,  3.030,  4.955,  0.335,    54
 3.974, -2.022,   none, 1D,  3.116,  5.035,  0.335,    54
 4.086, -2.010, saddle, 1D,  3.156,  5.115,  0.402,    54
 4.203, -2.017,   none, 1D,  3.242,  5.195,  0.402,    54
 4.315, -2.047,   none, 1D,  3.282,  5.275,  0.469,    54
 4.432, -2.088,   none, 1D,  3.368,  5.355,  0.469,    54
 4.544, -2.153,   none, 1D,  3.408,  5.435,  0.536,    54
 4.624, -2.220,   none, 1D,  3.408,  5.515,  0.536,    54
 4.736, -2.281,   none, 1D,  3.449,  5.595,  0.603,    54
 4.853, -2.329,   none, 1D,  3.535,  5.675,  0.603,    54
 4.933, -2.347,  Li_i2, 1D,  3.535,  0.000,  0.603,    53
 5.013, -2.329,   none, 1D,  3.535,  0.080,  0.603,    53
 5.130, -2.281,   none, 1D,  3.449,  0.160,  0.603,    53
 5.242, -2.220,   none, 1D,  3.408,  0.240,  0.536,    53
 5.322, -2.153,   none, 1D,  3.408,  0.320,  0.536,    53
 5.434, -2.088,   none, 1D,  3.368,  0.400,  0.469,    53
 5.551, -2.047,   none, 1D,  3.282,  0.480,  0.469,    53
 5.662, -2.017,   none, 1D,  3.242,  0.559,  0.402,    53
 5.780, -2.010, saddle, 1D,  3.156,  0.639,  0.402,    53
 5.891, -2.022,   none, 1D,  3.116,  0.719,  0.335,    53
 6.009, -2.045,   none, 1D,  3.030,  0.799,  0.335,    53
 6.120, -2.087,   none, 1D,  2.990,  0.879,  0.268,    53
 6.232, -2.125,   none, 1D,  2.950,  0.959,  0.201,    53
 6.349, -2.175,   none, 1D,  2.864,  1.039,  0.201,    53
 6.461, -2.214,   none, 1D,  2.823,  1.119,  0.134,    53
 6.578, -2.251,   none, 1D,  2.738,  1.199,  0.134,    53
 6.690, -2.277,   none, 1D,  2.697,  1.279,  0.067,    53
 6.807, -2.292,   none, 1D,  2.612,  1.359,  0.067,    53
 6.919, -2.300,    Li1, 1D,  2.571,  1.439,  0.000,    41
 7.031, -2.292,   none, 1D, -0.735,  1.519,  4.754,    41
 7.148, -2.277,   none, 1D, -0.821,  1.599,  4.754,    41
 7.260, -2.251,   none, 1D, -0.861,  1.678,  4.687,    41
 7.377, -2.214,   none, 1D, -0.947,  1.758,  4.687,    41
 7.489, -2.175,   none, 1D, -0.987,  1.838,  4.620,    41
 7.606, -2.125,   none, 1D, -1.073,  1.918,  4.620,    41
 7.718, -2.087,   none, 1D, -1.113,  1.998,  4.553,    41
 7.830, -2.045,   none, 1D, -1.154,  2.078,  4.486,    41
 7.947, -2.022,   none, 1D, -1.239,  2.158,  4.486,    41
 8.059, -2.010, saddle, 1D, -1.280,  2.238,  4.419,    41
 8.176, -2.017,   none, 1D, -1.365,  2.318,  4.419,    41
 8.288, -2.047,   none, 1D, -1.406,  2.398,  4.352,    41
 8.405, -2.088,   none, 1D, -1.491,  2.478,  4.352,    41
 8.517, -2.153,   none, 1D, -1.532,  2.558,  4.285,    41
 8.597, -2.220,   none, 1D, -1.532,  2.638,  4.285,    41
 8.709, -2.281,   none, 1D, -1.572,  2.717,  4.218,    41
 8.826, -2.329,   none, 1D, -1.658,  2.797,  4.218,    41
 8.906, -2.347,  Li_i2, 1D, -1.658,  2.877,  4.218,    42
 8.986, -2.329,   none, 1D, -1.658,  2.957,  4.218,    42
 9.103, -2.281,   none, 1D, -1.572,  3.037,  4.218,    42
 9.215, -2.220,   none, 1D, -1.532,  3.117,  4.285,    42
 9.294, -2.153,   none, 1D, -1.532,  3.197,  4.285,    42
 9.406, -2.088,   none, 1D, -1.491,  3.277,  4.352,    42
 9.523, -2.047,   none, 1D, -1.406,  3.357,  4.352,    42
 9.635, -2.017,   none, 1D, -1.365,  3.437,  4.419,    42
 9.752, -2.010, saddle, 1D, -1.280,  3.517,  4.419,    42
 9.864, -2.022,   none, 1D, -1.239,  3.597,  4.486,    42
 9.981, -2.045,   none, 1D, -1.154,  3.677,  4.486,    42
10.093, -2.087,   none, 1D, -1.113,  3.756,  4.553,    42
10.205, -2.125,   none, 1D, -1.073,  3.836,  4.620,    42
10.322, -2.175,   none, 1D, -0.987,  3.916,  4.620,    42
10.434, -2.214,   none, 1D, -0.947,  3.996,  4.687,    42
10.551, -2.251,   none, 1D, -0.861,  4.076,  4.687,    42
10.663, -2.277,   none, 1D, -0.821,  4.156,  4.754,    42
10.780, -2.292,   none, 1D, -0.735,  4.236,  4.754,    42
15.188, -2.347,  Li_i2, 2D,  8.677,  2.877,  0.603,   180
15.274, -2.319,   none, 2D,  8.763,  2.877,  0.603,   180
15.421, -2.223,   none, 2D,  8.894,  2.877,  0.536,   180
15.568, -2.104,   none, 2D,  9.025,  2.877,  0.469,   180
15.715, -2.001,   none, 2D,  9.156,  2.877,  0.402,   180
15.862, -1.938,   none, 2D,  9.287,  2.877,  0.335,   180
16.010, -1.927, saddle, 2D,  9.418,  2.877,  0.268,   180
16.157, -1.964,   none, 2D,  9.549,  2.877,  0.201,   180
16.304, -2.034,   none, 2D,  9.680,  2.877,  0.134,   180
16.451, -2.118,   none, 2D,  9.812,  2.877,  0.067,   180
16.598, -2.193,   none, 2D,  9.943,  2.877,  0.000,   180
16.684, -2.244,   none, 2D, 10.028,  2.877,  0.000,   180
16.770, -2.279,   none, 2D, 10.114,  2.877,  0.000,   180
16.855, -2.300,   none, 2D, 10.200,  2.877,  0.000,   180
16.941, -2.306,    Li3, 2D,  0.000,  2.877,  0.000,     2
17.027, -2.300,   none, 2D,  0.086,  2.877,  0.000,     2
17.113, -2.279,   none, 2D,  0.171,  2.877,  0.000,     2
17.198, -2.244,   none, 2D,  0.257,  2.877,  0.000,     2
17.284, -2.193,   none, 2D,  0.343,  2.877,  0.000,     2
17.431, -2.118,   none, 2D, -2.792,  2.877,  4.754,     2
17.578, -2.034,   none, 2D, -2.661,  2.877,  4.687,     2
17.726, -1.964,   none, 2D, -2.530,  2.877,  4.620,     2
17.873, -1.927, saddle, 2D, -2.399,  2.877,  4.553,     2
18.020, -1.938,   none, 2D, -2.268,  2.877,  4.486,     2
18.167, -2.001,   none, 2D, -2.137,  2.877,  4.419,     2
18.314, -2.104,   none, 2D, -2.006,  2.877,  4.352,     2
18.461, -2.223,   none, 2D, -1.875,  2.877,  4.285,     2
18.609, -2.319,   none, 2D, -1.744,  2.877,  4.218,     2
22.321, -2.347,  Li_i2, 2D,  3.535,  0.000,  0.603,    88
22.406, -2.319,   none, 2D,  3.620,  0.000,  0.603,    88
22.554, -2.223,   none, 2D,  3.751,  0.000,  0.536,    88
22.701, -2.104,   none, 2D,  3.882,  0.000,  0.469,    88
22.848, -2.001,   none, 2D,  4.013,  0.000,  0.402,    88
22.995, -1.938,   none, 2D,  4.145,  0.000,  0.335,    88
23.142, -1.927, saddle, 2D,  4.276,  0.000,  0.268,    88
23.290, -1.964,   none, 2D,  4.407,  0.000,  0.201,    88
23.437, -2.034,   none, 2D,  4.538,  0.000,  0.134,    88
23.584, -2.118,   none, 2D,  4.669,  0.000,  0.067,    88
23.731, -2.193,   none, 2D,  4.800,  0.000,  0.000,    88
23.817, -2.244,   none, 2D,  4.886,  0.000,  0.000,    88
23.903, -2.279,   none, 2D,  4.971,  0.000,  0.000,    88
23.988, -2.300,   none, 2D,  5.057,  0.000,  0.000,    88
24.074, -2.306,    Li3, 2D,  5.143,  0.000,  0.000,    94
24.160, -2.300,   none, 2D,  5.228,  0.000,  0.000,    94
24.245, -2.279,   none, 2D,  5.314,  0.000,  0.000,    94
24.331, -2.244,   none, 2D,  5.400,  0.000,  0.000,    94
24.417, -2.193,   none, 2D,  5.486,  0.000,  0.000,    94
24.564, -2.118,   none, 2D,  2.351,  0.000,  4.754,    94
24.711, -2.034,   none, 2D,  2.482,  0.000,  4.687,    94
24.858, -1.964,   none, 2D,  2.613,  0.000,  4.620,    94
25.006, -1.927, saddle, 2D,  2.744,  0.000,  4.553,    94
25.153, -1.938,   none, 2D,  2.875,  0.000,  4.486,    94
25.300, -2.001,   none, 2D,  3.006,  0.000,  4.419,    94
25.447, -2.104,   none, 2D,  3.137,  0.000,  4.352,    94
25.594, -2.223,   none, 2D,  3.268,  0.000,  4.285,    94
25.741, -2.319,   none, 2D,  3.399,  0.000,  4.218,    94
27.553, -2.530,    Li4, 3D,  3.510,  0.000,  2.410,    92
27.633, -2.522,   none, 3D,  3.464,  0.000,  2.477,    92
27.712, -2.513,   none, 3D,  3.505,  0.000,  2.544,    92
27.792, -2.492,   none, 3D,  3.459,  0.000,  2.611,    92
27.871, -2.462,   none, 3D,  3.500,  0.000,  2.678,    92
27.951, -2.429,   none, 3D,  3.454,  0.000,  2.745,    92
28.030, -2.383,   none, 3D,  3.495,  0.000,  2.812,    92
28.111, -2.341,   none, 3D,  3.449,  0.000,  2.879,    92
28.189, -2.287,   none, 3D,  3.490,  0.000,  2.946,    92
28.270, -2.239,   none, 3D,  3.444,  0.000,  3.013,    92
28.348, -2.185,   none, 3D,  3.485,  0.000,  3.080,    92
28.429, -2.138,   none, 3D,  3.439,  0.000,  3.147,    92
28.507, -2.094,   none, 3D,  3.480,  0.000,  3.214,    92
28.588, -2.052,   none, 3D,  3.434,  0.000,  3.281,    92
28.666, -2.029,   none, 3D,  3.475,  0.000,  3.348,    92
28.747, -2.000, saddle, 3D,  3.429,  0.000,  3.415,    92
30.826, -2.003,  Li_i1, 3D,  3.550,  0.000,  1.339,    90
30.904, -2.000, saddle, 3D,  3.590,  0.000,  1.406,    90
30.985, -2.029,   none, 3D,  3.545,  0.000,  1.473,    90
31.063, -2.052,   none, 3D,  3.585,  0.000,  1.540,    90
31.144, -2.094,   none, 3D,  3.540,  0.000,  1.607,    90
31.222, -2.138,   none, 3D,  3.580,  0.000,  1.674,    90
31.303, -2.185,   none, 3D,  3.535,  0.000,  1.741,    90
31.381, -2.239,   none, 3D,  3.575,  0.000,  1.808,    90
31.462, -2.287,   none, 3D,  3.530,  0.000,  1.875,    90
31.540, -2.341,   none, 3D,  3.570,  0.000,  1.942,    90
31.621, -2.383,   none, 3D,  3.525,  0.000,  2.009,    90
31.699, -2.429,   none, 3D,  3.565,  0.000,  2.075,    90
31.780, -2.462,   none, 3D,  3.520,  0.000,  2.142,    90
31.858, -2.492,   none, 3D,  3.560,  0.000,  2.209,    90
31.939, -2.513,   none, 3D,  3.515,  0.000,  2.276,    90
32.017, -2.522,   none, 3D,  3.555,  0.000,  2.343,    90
33.718, -0.942,  Li_i3, 0D,  4.085,  4.316,  3.080,   116
33.832, -0.942, saddle, 0D,  4.039,  4.396,  3.147,   116
33.910, -0.955,   none, 0D,  4.080,  4.396,  3.214,   116
34.022, -0.974,   none, 0D,  4.120,  4.316,  3.281,   116
34.100, -0.976,   none, 0D,  4.160,  4.316,  3.348,   116
34.181, -1.009,   none, 0D,  4.115,  4.316,  3.415,   116
34.259, -1.052,   none, 0D,  4.155,  4.316,  3.481,   116
34.337, -1.084,   none, 0D,  4.196,  4.316,  3.548,   116
34.418, -1.155,   none, 0D,  4.150,  4.316,  3.615,   116
34.496, -1.227,   none, 0D,  4.191,  4.316,  3.682,   116
34.577, -1.292,   none, 0D,  4.145,  4.316,  3.749,   116
34.655, -1.395,   none, 0D,  4.186,  4.316,  3.816,   116
34.733, -1.481,   none, 0D,  4.226,  4.316,  3.883,   116
34.814, -1.579,   none, 0D,  4.181,  4.316,  3.950,   116
34.892, -1.678,   none, 0D,  4.221,  4.316,  4.017,   116
35.006, -1.762,   none, 0D,  4.176,  4.396,  4.084,   116
35.118, -1.863,   none, 0D,  4.216,  4.316,  4.151,   116
35.196, -1.945,   none, 0D,  4.256,  4.316,  4.218,   116
35.310, -2.025,   none, 0D,  4.211,  4.396,  4.285,   116
35.388, -2.094,   none, 0D,  4.251,  4.396,  4.352,   116
35.469, -2.151,   none, 0D,  4.206,  4.396,  4.419,   116
35.547, -2.203,   none, 0D,  4.246,  4.396,  4.486,   116
35.625, -2.241,   none, 0D,  4.287,  4.396,  4.553,   116
35.703, -2.267,   none, 0D,  4.327,  4.396,  4.620,   116
35.815, -2.285,   none, 0D,  4.367,  4.316,  4.687,   116
35.893, -2.296,   none, 0D,  4.408,  4.316,  4.754,   116
35.971, -2.300,    Li1, 0D,  7.714,  4.316,  0.000,   113
36.049, -2.296,   none, 0D,  4.408,  4.316,  4.754,   113
36.128, -2.285,   none, 0D,  4.367,  4.316,  4.687,   113
36.239, -2.267,   none, 0D,  4.327,  4.396,  4.620,   113
36.318, -2.241,   none, 0D,  4.287,  4.396,  4.553,   113
36.396, -2.203,   none, 0D,  4.246,  4.396,  4.486,   113
36.474, -2.151,   none, 0D,  4.206,  4.396,  4.419,   113
36.555, -2.094,   none, 0D,  4.251,  4.396,  4.352,   113
36.633, -2.025,   none, 0D,  4.211,  4.396,  4.285,   113
36.747, -1.945,   none, 0D,  4.256,  4.316,  4.218,   113
36.825, -1.863,   none, 0D,  4.216,  4.316,  4.151,   113
36.937, -1.762,   none, 0D,  4.176,  4.396,  4.084,   113
37.050, -1.678,   none, 0D,  4.221,  4.316,  4.017,   113
37.129, -1.579,   none, 0D,  4.181,  4.316,  3.950,   113
37.209, -1.481,   none, 0D,  4.226,  4.316,  3.883,   113
37.288, -1.395,   none, 0D,  4.186,  4.316,  3.816,   113
37.366, -1.292,   none, 0D,  4.145,  4.316,  3.749,   113
37.447, -1.227,   none, 0D,  4.191,  4.316,  3.682,   113
37.525, -1.155,   none, 0D,  4.150,  4.316,  3.615,   113
37.606, -1.084,   none, 0D,  4.196,  4.316,  3.548,   113
37.684, -1.052,   none, 0D,  4.155,  4.316,  3.481,   113
37.762, -1.009,   none, 0D,  4.115,  4.316,  3.415,   113
37.843, -0.976,   none, 0D,  4.160,  4.316,  3.348,   113
37.921, -0.974,   none, 0D,  4.120,  4.316,  3.281,   113
37.999, -0.961,   none, 0D,  4.080,  4.316,  3.214,   113
38.111, -0.942, saddle, 0D,  4.039,  4.396,  3.147,   113
