r_coor, energy,   site, dn,      x,      y,      z, index
 3.299, -2.214,    Li2, 1D,  0.000,  3.294,  0.195,     8
 3.391, -2.194,   none, 1D,  0.000,  3.385,  0.195,     8
 3.525, -2.150,   none, 1D,  0.000,  3.477,  0.098,     8
 3.659, -2.081,   none, 1D,  0.000,  3.568,  0.000,     8
 3.750, -2.023,   none, 1D,  0.000,  3.660,  0.000,     8
 3.884, -1.974,   none, 1D,  0.000,  3.751,  4.594,     8
 4.018, -1.941,   none, 1D,  0.000,  3.843,  4.496,     8
 4.152, -1.928, saddle, 1D,  0.000,  3.934,  4.399,     8
 4.243, -1.939,   none, 1D,  0.000,  4.026,  4.399,     8
 4.377, -1.969,   none, 1D,  0.000,  4.117,  4.301,     8
 4.511, -2.005,   none, 1D,  0.000,  4.209,  4.203,     8
 4.645, -2.041,   none, 1D,  0.000,  4.300,  4.105,     8
 4.779, -2.070,   none, 1D,  0.000,  4.392,  4.008,     8
 4.870, -2.090,   none, 1D,  0.000,  4.483,  4.008,     8
 4.962, -2.091,  Li_i2, 1D,  0.000,  4.575,  4.008,    20
 5.053, -2.081,   none, 1D,  0.091,  4.575,  4.008,    20
 5.183, -2.052,   none, 1D,  0.183,  4.666,  4.008,    20
 5.274, -2.021,   none, 1D,  0.274,  4.666,  4.008,    20
 5.404, -1.994,   none, 1D,  0.366,  4.758,  4.008,    20
 5.566, -1.972,   none, 1D,  0.457,  4.849,  4.105,    20
 5.695, -1.958,   none, 1D,  0.549,  4.940,  4.105,    20
 5.787, -1.948,   none, 1D,  0.640,  4.940,  4.105,    20
 5.921, -1.942,   none, 1D,  0.732,  4.940,  4.203,    20
 6.083, -1.941, saddle, 1D,  0.823,  5.032,  4.301,    20
 6.174, -1.948,   none, 1D,  0.915,  5.032,  4.301,    20
 6.308, -1.959,   none, 1D,  1.006,  5.032,  4.399,    20
 6.442, -1.971,   none, 1D,  1.098,  5.032,  4.496,    20
 6.533, -1.995,   none, 1D,  1.189,  5.032,  4.496,    20
 6.696, -2.022,   none, 1D,  1.281,  5.123,  4.594,    20
 6.829, -2.042,   none, 1D,  1.372,  5.123,  0.000,    20
 6.921, -2.056,    Li1, 1D,  1.464,  5.123,  0.000,    32
 7.012, -2.042,   none, 1D,  1.464,  5.215,  0.000,    32
 7.146, -2.022,   none, 1D,  1.464,  5.306,  0.098,    32
 7.309, -1.995,   none, 1D,  1.555,  5.398,  0.195,    32
 7.400, -1.971,   none, 1D,  1.555,  5.489,  0.195,    32
 7.534, -1.959,   none, 1D,  1.555,  5.581,  0.293,    32
 7.668, -1.948,   none, 1D,  1.555,  5.672,  0.391,    32
 7.759, -1.941, saddle, 1D,  1.555,  5.764,  0.391,    32
 7.921, -1.942,   none, 1D,  1.647,  5.855,  0.489,    32
 8.055, -1.948,   none, 1D,  1.647,  5.947,  0.586,    32
 8.147, -1.958,   none, 1D,  1.647,  6.038,  0.586,    32
 8.276, -1.972,   none, 1D,  1.738,  6.130,  0.586,    32
 8.438, -1.994,   none, 1D,  1.830,  6.221,  0.684,    32
 8.568, -2.021,   none, 1D,  1.921,  6.313,  0.684,    32
 8.659, -2.052,   none, 1D,  1.921,  6.404,  0.684,    32
 8.789, -2.081,   none, 1D,  2.013,  6.496,  0.684,    32
 8.880, -2.091,  Li_i2, 1D,  2.013,  0.000,  0.684,    26
 8.972, -2.081,   none, 1D,  2.013,  0.091,  0.684,    26
 9.101, -2.052,   none, 1D,  1.921,  0.183,  0.684,    26
 9.192, -2.021,   none, 1D,  1.921,  0.274,  0.684,    26
 9.322, -1.994,   none, 1D,  1.830,  0.366,  0.684,    26
 9.484, -1.972,   none, 1D,  1.738,  0.457,  0.586,    26
 9.613, -1.958,   none, 1D,  1.647,  0.549,  0.586,    26
 9.705, -1.948,   none, 1D,  1.647,  0.640,  0.586,    26
 9.839, -1.942,   none, 1D,  1.647,  0.732,  0.489,    26
10.001, -1.941, saddle, 1D,  1.555,  0.823,  0.391,    26
10.092, -1.948,   none, 1D,  1.555,  0.915,  0.391,    26
10.226, -1.959,   none, 1D,  1.555,  1.006,  0.293,    26
10.360, -1.971,   none, 1D,  1.555,  1.098,  0.195,    26
10.452, -1.995,   none, 1D,  1.555,  1.189,  0.195,    26
10.614, -2.022,   none, 1D,  1.464,  1.281,  0.098,    26
10.748, -2.042,   none, 1D,  1.464,  1.372,  0.000,    26
10.839, -2.056,    Li1, 1D,  1.464,  1.464,  0.000,    19
10.931, -2.042,   none, 1D,  1.372,  1.464,  0.000,    19
11.065, -2.022,   none, 1D,  1.281,  1.464,  4.594,    19
11.227, -1.995,   none, 1D,  1.189,  1.555,  4.496,    19
11.318, -1.971,   none, 1D,  1.098,  1.555,  4.496,    19
11.452, -1.959,   none, 1D,  1.006,  1.555,  4.399,    19
11.586, -1.948,   none, 1D,  0.915,  1.555,  4.301,    19
11.677, -1.941, saddle, 1D,  0.823,  1.555,  4.301,    19
11.840, -1.942,   none, 1D,  0.732,  1.647,  4.203,    19
11.974, -1.948,   none, 1D,  0.640,  1.647,  4.105,    19
12.065, -1.958,   none, 1D,  0.549,  1.647,  4.105,    19
12.194, -1.972,   none, 1D,  0.457,  1.738,  4.105,    19
12.357, -1.994,   none, 1D,  0.366,  1.830,  4.008,    19
12.486, -2.021,   none, 1D,  0.274,  1.921,  4.008,    19
12.577, -2.052,   none, 1D,  0.183,  1.921,  4.008,    19
12.707, -2.081,   none, 1D,  0.091,  2.013,  4.008,    19
12.798, -2.091,  Li_i2, 1D,  0.000,  2.013,  4.008,     4
12.890, -2.090,   none, 1D,  0.000,  2.104,  4.008,     4
12.981, -2.070,   none, 1D,  0.000,  2.196,  4.008,     4
13.115, -2.041,   none, 1D,  0.000,  2.287,  4.105,     4
13.249, -2.005,   none, 1D,  0.000,  2.379,  4.203,     4
13.383, -1.969,   none, 1D,  0.000,  2.470,  4.301,     4
13.517, -1.939,   none, 1D,  0.000,  2.562,  4.399,     4
13.608, -1.928, saddle, 1D,  0.000,  2.653,  4.399,     4
13.742, -1.941,   none, 1D,  0.000,  2.745,  4.496,     4
13.876, -1.974,   none, 1D,  0.000,  2.836,  4.594,     4
14.010, -2.023,   none, 1D,  0.000,  2.928,  0.000,     4
14.101, -2.081,   none, 1D,  0.000,  3.019,  0.000,     4
14.235, -2.150,   none, 1D,  0.000,  3.111,  0.098,     4
14.369, -2.194,   none, 1D,  0.000,  3.202,  0.195,     4
14.461, -2.214,    Li2, 3D,  0.000,  3.294,  0.195,    14
14.552, -2.197,   none, 3D,  0.091,  3.294,  0.195,    14
14.644, -2.144,   none, 3D,  0.183,  3.294,  0.195,    14
14.778, -2.083,   none, 3D,  0.274,  3.294,  0.293,    14
14.911, -2.015,   none, 3D,  0.366,  3.294,  0.391,    14
15.045, -1.955,   none, 3D,  0.457,  3.294,  0.489,    14
15.137, -1.918,   none, 3D,  0.549,  3.294,  0.489,    14
15.271, -1.903, saddle, 3D,  0.640,  3.294,  0.586,    14
15.405, -1.906,   none, 3D,  0.732,  3.294,  0.684,    14
15.539, -1.922,   none, 3D,  0.823,  3.294,  0.782,    14
15.672, -1.948,   none, 3D,  0.915,  3.294,  0.880,    14
15.806, -1.978,   none, 3D,  1.006,  3.294,  0.977,    14
15.940, -2.006,   none, 3D,  1.098,  3.294,  1.075,    14
16.074, -2.028,   none, 3D,  1.189,  3.294,  1.173,    14
16.172, -2.042,   none, 3D,  1.189,  3.294,  1.271,    14
16.306, -2.059,   none, 3D,  1.281,  3.294,  1.368,    14
16.403, -2.076,   none, 3D,  1.281,  3.294,  1.466,    14
16.501, -2.088,   none, 3D,  1.281,  3.294,  1.564,    14
18.112, -2.214,    Li2, 3D,  0.000,  3.294,  2.541,     3
18.204, -2.197,   none, 3D,  0.000,  3.202,  2.541,     3
18.295, -2.144,   none, 3D,  0.000,  3.111,  2.541,     3
18.429, -2.083,   none, 3D,  0.000,  3.019,  2.639,     3
18.563, -2.015,   none, 3D,  0.000,  2.928,  2.737,     3
18.697, -1.955,   none, 3D,  0.000,  2.836,  2.835,     3
18.789, -1.918,   none, 3D,  0.000,  2.745,  2.835,     3
18.922, -1.903, saddle, 3D,  0.000,  2.653,  2.932,     3
19.056, -1.906,   none, 3D,  0.000,  2.562,  3.030,     3
19.190, -1.922,   none, 3D,  0.000,  2.470,  3.128,     3
19.324, -1.948,   none, 3D,  0.000,  2.379,  3.226,     3
19.458, -1.978,   none, 3D,  0.000,  2.287,  3.323,     3
19.592, -2.006,   none, 3D,  0.000,  2.196,  3.421,     3
19.726, -2.028,   none, 3D,  0.000,  2.104,  3.519,     3
19.823, -2.042,   none, 3D,  0.000,  2.104,  3.617,     3
19.957, -2.059,   none, 3D,  0.000,  2.013,  3.714,     3
20.055, -2.076,   none, 3D,  0.000,  2.013,  3.812,     3
20.153, -2.088,   none, 3D,  0.000,  2.013,  3.910,     3
23.040, -2.091,  Li_i2, 0D,  5.306,  3.294,  1.662,    86
23.131, -2.081,   none, 0D,  5.306,  3.385,  1.662,    86
23.261, -2.052,   none, 0D,  5.215,  3.477,  1.662,    86
23.352, -2.021,   none, 0D,  5.215,  3.568,  1.662,    86
23.482, -1.994,   none, 0D,  5.123,  3.660,  1.662,    86
23.644, -1.972,   none, 0D,  5.032,  3.751,  1.759,    86
23.773, -1.958,   none, 0D,  4.940,  3.843,  1.759,    86
23.865, -1.948,   none, 0D,  4.940,  3.934,  1.759,    86
23.999, -1.942,   none, 0D,  4.940,  4.026,  1.857,    86
24.161, -1.941, saddle, 0D,  4.849,  4.117,  1.955,    86
24.252, -1.948,   none, 0D,  4.849,  4.209,  1.955,    86
24.386, -1.959,   none, 0D,  4.849,  4.300,  2.053,    86
24.520, -1.971,   none, 0D,  4.849,  4.392,  2.150,    86
24.612, -1.995,   none, 0D,  4.849,  4.483,  2.150,    86
24.774, -2.022,   none, 0D,  4.758,  4.575,  2.248,    86
24.908, -2.042,   none, 0D,  4.758,  4.666,  2.346,    86
24.999, -2.056,    Li1, 0D,  4.758,  4.758,  2.346,    77
25.091, -2.042,   none, 0D,  4.666,  4.758,  2.346,    77
25.224, -2.022,   none, 0D,  4.575,  4.758,  2.444,    77
25.387, -1.995,   none, 0D,  4.483,  4.849,  2.541,    77
25.478, -1.971,   none, 0D,  4.392,  4.849,  2.541,    77
25.612, -1.959,   none, 0D,  4.300,  4.849,  2.639,    77
25.746, -1.948,   none, 0D,  4.209,  4.849,  2.737,    77
25.837, -1.941, saddle, 0D,  4.117,  4.849,  2.737,    77
26.000, -1.942,   none, 0D,  4.026,  4.940,  2.835,    77
26.133, -1.948,   none, 0D,  3.934,  4.940,  2.932,    77
26.225, -1.958,   none, 0D,  3.843,  4.940,  2.932,    77
26.354, -1.972,   none, 0D,  3.751,  5.032,  2.932,    77
26.516, -1.994,   none, 0D,  3.660,  5.123,  3.030,    77
26.646, -2.021,   none, 0D,  3.568,  5.215,  3.030,    77
26.737, -2.052,   none, 0D,  3.477,  5.215,  3.030,    77
26.867, -2.081,   none, 0D,  3.385,  5.306,  3.030,    77
26.958, -2.091,  Li_i2, 0D,  3.294,  5.306,  3.030,    49
27.050, -2.081,   none, 0D,  3.202,  5.306,  3.030,    49
27.179, -2.052,   none, 0D,  3.111,  5.215,  3.030,    49
27.271, -2.021,   none, 0D,  3.019,  5.215,  3.030,    49
27.400, -1.994,   none, 0D,  2.928,  5.123,  3.030,    49
27.562, -1.972,   none, 0D,  2.836,  5.032,  2.932,    49
27.691, -1.958,   none, 0D,  2.745,  4.940,  2.932,    49
27.783, -1.948,   none, 0D,  2.653,  4.940,  2.932,    49
27.917, -1.942,   none, 0D,  2.562,  4.940,  2.835,    49
28.079, -1.941, saddle, 0D,  2.470,  4.849,  2.737,    49
28.171, -1.948,   none, 0D,  2.379,  4.849,  2.737,    49
28.304, -1.959,   none, 0D,  2.287,  4.849,  2.639,    49
28.438, -1.971,   none, 0D,  2.196,  4.849,  2.541,    49
28.530, -1.995,   none, 0D,  2.104,  4.849,  2.541,    49
28.692, -2.022,   none, 0D,  2.013,  4.758,  2.444,    49
28.826, -2.042,   none, 0D,  1.921,  4.758,  2.346,    49
28.917, -2.056,    Li1, 0D,  1.830,  4.758,  2.346,    39
29.009, -2.042,   none, 0D,  1.830,  4.666,  2.346,    39
29.143, -2.022,   none, 0D,  1.830,  4.575,  2.248,    39
29.305, -1.995,   none, 0D,  1.738,  4.483,  2.150,    39
29.396, -1.971,   none, 0D,  1.738,  4.392,  2.150,    39
29.530, -1.959,   none, 0D,  1.738,  4.300,  2.053,    39
29.664, -1.948,   none, 0D,  1.738,  4.209,  1.955,    39
29.756, -1.941, saddle, 0D,  1.738,  4.117,  1.955,    39
29.918, -1.942,   none, 0D,  1.647,  4.026,  1.857,    39
30.052, -1.948,   none, 0D,  1.647,  3.934,  1.759,    39
30.143, -1.958,   none, 0D,  1.647,  3.843,  1.759,    39
30.273, -1.972,   none, 0D,  1.555,  3.751,  1.759,    39
30.435, -1.994,   none, 0D,  1.464,  3.660,  1.662,    39
30.564, -2.021,   none, 0D,  1.372,  3.568,  1.662,    39
30.656, -2.052,   none, 0D,  1.372,  3.477,  1.662,    39
30.785, -2.081,   none, 0D,  1.281,  3.385,  1.662,    39
30.876, -2.091,  Li_i2, 0D,  1.281,  3.294,  1.662,    36
30.968, -2.081,   none, 0D,  1.281,  3.202,  1.662,    36
31.097, -2.052,   none, 0D,  1.372,  3.111,  1.662,    36
31.189, -2.021,   none, 0D,  1.372,  3.019,  1.662,    36
31.318, -1.994,   none, 0D,  1.464,  2.928,  1.662,    36
31.480, -1.972,   none, 0D,  1.555,  2.836,  1.759,    36
31.610, -1.958,   none, 0D,  1.647,  2.745,  1.759,    36
31.701, -1.948,   none, 0D,  1.647,  2.653,  1.759,    36
31.835, -1.942,   none, 0D,  1.647,  2.562,  1.857,    36
31.997, -1.941, saddle, 0D,  1.738,  2.470,  1.955,    36
32.089, -1.948,   none, 0D,  1.738,  2.379,  1.955,    36
32.223, -1.959,   none, 0D,  1.738,  2.287,  2.053,    36
32.357, -1.971,   none, 0D,  1.738,  2.196,  2.150,    36
32.448, -1.995,   none, 0D,  1.738,  2.104,  2.150,    36
32.610, -2.022,   none, 0D,  1.830,  2.013,  2.248,    36
32.744, -2.042,   none, 0D,  1.830,  1.921,  2.346,    36
32.836, -2.056,    Li1, 0D,  1.830,  1.830,  2.346,    46
32.927, -2.042,   none, 0D,  1.921,  1.830,  2.346,    46
33.061, -2.022,   none, 0D,  2.013,  1.830,  2.444,    46
33.223, -1.995,   none, 0D,  2.104,  1.738,  2.541,    46
33.315, -1.971,   none, 0D,  2.196,  1.738,  2.541,    46
33.448, -1.959,   none, 0D,  2.287,  1.738,  2.639,    46
33.582, -1.948,   none, 0D,  2.379,  1.738,  2.737,    46
33.674, -1.941, saddle, 0D,  2.470,  1.738,  2.737,    46
33.836, -1.942,   none, 0D,  2.562,  1.647,  2.835,    46
33.970, -1.948,   none, 0D,  2.653,  1.647,  2.932,    46
34.061, -1.958,   none, 0D,  2.745,  1.647,  2.932,    46
34.191, -1.972,   none, 0D,  2.836,  1.555,  2.932,    46
34.353, -1.994,   none, 0D,  2.928,  1.464,  3.030,    46
34.482, -2.021,   none, 0D,  3.019,  1.372,  3.030,    46
34.574, -2.052,   none, 0D,  3.111,  1.372,  3.030,    46
34.703, -2.081,   none, 0D,  3.202,  1.281,  3.030,    46
34.795, -2.091,  Li_i2, 0D,  3.294,  1.281,  3.030,    74
34.886, -2.081,   none, 0D,  3.385,  1.281,  3.030,    74
35.016, -2.052,   none, 0D,  3.477,  1.372,  3.030,    74
35.107, -2.021,   none, 0D,  3.568,  1.372,  3.030,    74
35.236, -1.994,   none, 0D,  3.660,  1.464,  3.030,    74
35.399, -1.972,   none, 0D,  3.751,  1.555,  2.932,    74
35.528, -1.958,   none, 0D,  3.843,  1.647,  2.932,    74
35.619, -1.948,   none, 0D,  3.934,  1.647,  2.932,    74
35.753, -1.942,   none, 0D,  4.026,  1.647,  2.835,    74
35.915, -1.941, saddle, 0D,  4.117,  1.738,  2.737,    74
36.007, -1.948,   none, 0D,  4.209,  1.738,  2.737,    74
36.141, -1.959,   none, 0D,  4.300,  1.738,  2.639,    74
36.275, -1.971,   none, 0D,  4.392,  1.738,  2.541,    74
36.366, -1.995,   none, 0D,  4.483,  1.738,  2.541,    74
36.528, -2.022,   none, 0D,  4.575,  1.830,  2.444,    74
36.662, -2.042,   none, 0D,  4.666,  1.830,  2.346,    74
36.754, -2.056,    Li1, 0D,  4.758,  1.830,  2.346,    84
36.845, -2.042,   none, 0D,  4.758,  1.921,  2.346,    84
36.979, -2.022,   none, 0D,  4.758,  2.013,  2.248,    84
37.141, -1.995,   none, 0D,  4.849,  2.104,  2.150,    84
37.233, -1.971,   none, 0D,  4.849,  2.196,  2.150,    84
37.367, -1.959,   none, 0D,  4.849,  2.287,  2.053,    84
37.501, -1.948,   none, 0D,  4.849,  2.379,  1.955,    84
37.592, -1.941, saddle, 0D,  4.849,  2.470,  1.955,    84
37.754, -1.942,   none, 0D,  4.940,  2.562,  1.857,    84
37.888, -1.948,   none, 0D,  4.940,  2.653,  1.759,    84
37.980, -1.958,   none, 0D,  4.940,  2.745,  1.759,    84
38.109, -1.972,   none, 0D,  5.032,  2.836,  1.759,    84
38.271, -1.994,   none, 0D,  5.123,  2.928,  1.662,    84
38.401, -2.021,   none, 0D,  5.215,  3.019,  1.662,    84
38.492, -2.052,   none, 0D,  5.215,  3.111,  1.662,    84
38.621, -2.081,   none, 0D,  5.306,  3.202,  1.662,    84
