r_coor, energy,   site, dn,      x,      y,      z, index
 2.876, -1.736,  Li_i1, 1D,  0.000,  0.000,  2.876,     0
 2.937, -1.729,   none, 1D,  0.031,  0.053,  2.876,     0
 2.998, -1.718,   none, 1D,  0.000,  0.106,  2.876,     0
 3.059, -1.696,   none, 1D,  0.031,  0.159,  2.876,     0
 3.121, -1.674,   none, 1D,  0.000,  0.212,  2.876,     0
 3.182, -1.643,   none, 1D,  0.031,  0.265,  2.876,     0
 3.284, -1.623,   none, 1D,  0.000,  0.318,  2.794,     0
 3.346, -1.608,   none, 1D,  0.031,  0.371,  2.794,     0
 3.407, -1.599,   none, 1D,  0.000,  0.424,  2.794,     0
 3.468, -1.585,   none, 1D,  0.031,  0.477,  2.794,     0
 3.529, -1.579, saddle, 1D,  0.000,  0.530,  2.794,     0
 3.632, -1.582,   none, 1D,  0.031,  0.583,  2.711,     0
 3.693, -1.604,   none, 1D,  0.000,  0.636,  2.711,     0
 3.754, -1.621,   none, 1D,  0.031,  0.689,  2.711,     0
 3.815, -1.646,   none, 1D,  0.000,  0.742,  2.711,     0
 3.918, -1.675,   none, 1D,  0.031,  0.795,  2.629,     0
 3.979, -1.724,   none, 1D,  0.000,  0.848,  2.629,     0
 4.040, -1.766,   none, 1D,  0.031,  0.901,  2.629,     0
 4.101, -1.811,   none, 1D,  0.000,  0.954,  2.629,     0
 4.204, -1.859,   none, 1D,  0.031,  1.007,  2.547,     0
 4.265, -1.917,   none, 1D,  0.000,  1.060,  2.547,     0
 4.326, -1.967,   none, 1D,  0.031,  1.113,  2.547,     0
 4.388, -2.014,   none, 1D,  0.000,  1.166,  2.547,     0
 4.490, -2.062,   none, 1D,  0.031,  1.219,  2.465,     0
 4.551, -2.111,   none, 1D,  0.000,  1.272,  2.465,     0
 4.613, -2.151,   none, 1D,  0.031,  1.325,  2.465,     0
 4.674, -2.186,   none, 1D,  0.000,  1.378,  2.465,     0
 4.735, -2.213,   none, 1D,  0.031,  1.431,  2.465,     0
 4.837, -2.240,   none, 1D,  0.000,  1.484,  2.383,     0
 4.899, -2.261,   none, 1D,  0.031,  1.538,  2.383,     0
 4.960, -2.276,   none, 1D,  0.000,  1.591,  2.383,     0
 5.021, -2.283,   none, 1D,  0.031,  1.644,  2.383,     0
 5.082, -2.287,    Li1, 1D,  0.000,  1.697,  2.383,     3
 5.144, -2.283,   none, 1D, -0.061,  1.697,  2.383,     3
 5.250, -2.261,   none, 1D, -0.153,  1.750,  2.383,     3
 5.384, -2.213,   none, 1D, -0.245,  1.803,  2.465,     3
 5.490, -2.151,   none, 1D, -0.337,  1.856,  2.465,     3
 5.596, -2.062,   none, 1D, -0.429,  1.909,  2.465,     3
 5.730, -1.967,   none, 1D, -0.520,  1.962,  2.547,     3
 5.836, -1.859,   none, 1D, -0.612,  2.015,  2.547,     3
 5.970, -1.766,   none, 1D, -0.704,  2.068,  2.629,     3
 6.076, -1.675,   none, 1D, -0.796,  2.121,  2.629,     3
 6.210, -1.621,   none, 1D, -0.888,  2.174,  2.711,     3
 6.316, -1.582, saddle, 1D, -0.980,  2.227,  2.711,     3
 6.450, -1.585,   none, 1D, -1.071,  2.280,  2.794,     3
 6.557, -1.608,   none, 1D, -1.163,  2.333,  2.794,     3
 6.691, -1.643,   none, 1D, -1.255,  2.386,  2.876,     3
 6.797, -1.696,   none, 1D, -1.347,  2.439,  2.876,     3
 6.903, -1.729,   none, 1D, -1.439,  2.492,  2.876,     3
 6.964, -1.736,  Li_i1, 3D,  0.000,  0.000,  2.876,    20
 7.046, -1.696,   none, 3D,  0.000,  0.000,  2.958,    20
 7.128, -1.579,   none, 3D,  0.000,  0.000,  3.040,    20
 7.210, -1.402,   none, 3D,  0.000,  0.000,  3.122,    20
 7.293, -1.178,   none, 3D,  0.000,  0.000,  3.204,    20
 7.375, -0.920,   none, 3D,  0.000,  0.000,  3.287,    20
 7.457, -0.637,   none, 3D,  0.000,  0.000,  3.369,    20
 7.539, -0.337,   none, 3D,  0.000,  0.000,  3.451,    20
 7.621, -0.029,   none, 3D,  0.000,  0.000,  3.533,    20
 7.703,  0.279,   none, 3D,  0.000,  0.000,  3.615,    20
 7.786,  0.581,   none, 3D,  0.000,  0.000,  3.697,    20
 7.888,  0.913,   none, 3D,  0.031,  0.053,  3.780,    20
 7.991,  1.285,   none, 3D,  0.092,  0.053,  3.862,    20
 8.093,  1.739,   none, 3D,  0.122,  0.106,  3.944,    20
 8.195,  2.249,   none, 3D,  0.184,  0.106,  4.026,    20
 8.298,  2.832,   none, 3D,  0.214,  0.159,  4.108,    20
 8.400,  3.458,   none, 3D,  0.275,  0.159,  4.190,    20
 8.503,  4.122,   none, 3D,  0.306,  0.212,  4.273,    20
 8.605,  4.787,   none, 3D,  0.367,  0.212,  4.355,    20
 8.708,  5.441,   none, 3D,  0.398,  0.265,  4.437,    20
 8.810,  6.046,   none, 3D,  0.459,  0.265,  4.519,    20
 8.913,  6.602,   none, 3D,  0.490,  0.318,  4.601,    20
 9.015,  7.076,   none, 3D,  0.551,  0.318,  4.683,    20
 9.118,  7.483,   none, 3D,  0.582,  0.371,  4.766,    20
 9.179,  7.792,   none, 3D,  0.643,  0.371,  4.766,    20
 9.281,  7.950,   none, 3D,  0.673,  0.424,  4.848,    20
 9.384,  7.993, saddle, 3D,  0.735,  0.424,  4.930,    20
 9.486,  7.946,   none, 3D,  0.765,  0.477,  5.012,    20
 9.589,  7.785,   none, 3D,  0.826,  0.477,  5.094,    20
 9.650,  7.470,   none, 3D,  0.857,  0.530,  5.094,    20
 9.752,  7.060,   none, 3D,  0.918,  0.530,  5.176,    20
 9.855,  6.582,   none, 3D,  0.949,  0.583,  5.259,    20
 9.957,  6.024,   none, 3D,  1.010,  0.583,  5.341,    20
10.060,  5.416,   none, 3D,  1.041,  0.636,  5.423,    20
10.162,  4.761,   none, 3D,  1.102,  0.636,  5.505,    20
10.265,  4.096,   none, 3D,  1.133,  0.689,  5.587,    20
10.367,  3.432,   none, 3D,  1.194,  0.689,  5.669,    20
10.470,  2.808,   none, 3D,  1.224,  0.742,  5.752,    20
10.572,  2.228,   none, 3D,  1.286,  0.742,  5.834,    20
10.675,  1.722,   none, 3D,  1.316,  0.795,  5.916,    20
10.777,  1.274,   none, 3D,  1.377,  0.795,  5.998,    20
10.880,  0.906,   none, 3D,  1.408,  0.848,  6.080,    20
10.982,  0.581,   none, 3D,  1.469,  0.848,  6.162,    20
11.064,  0.284,   none, 3D,  1.469,  0.848,  6.245,    20
11.146, -0.018,   none, 3D,  1.469,  0.848,  6.327,    20
11.228, -0.321,   none, 3D,  1.469,  0.848,  6.409,    20
11.311, -0.619,   none, 3D,  1.469,  0.848,  6.491,    20
11.393, -0.906,   none, 3D,  1.469,  0.848,  6.573,    20
11.475, -1.175,   none, 3D,  1.469,  0.848,  6.655,    20
11.557, -1.421,   none, 3D,  1.469,  0.848,  6.738,    20
11.639, -1.641,   none, 3D,  1.469,  0.848,  6.820,    20
11.721, -1.830,   none, 3D,  1.469,  0.848,  6.902,    20
11.804, -1.988,   none, 3D,  1.469,  0.848,  6.984,    20
11.886, -2.114,   none, 3D,  1.469,  0.848,  7.066,    20
11.968, -2.205,   none, 3D,  1.469,  0.848,  7.148,    20
12.050, -2.263,   none, 3D,  1.469,  0.848,  7.231,    20
13.842, -1.736,  Li_i1, 3D,  0.000,  0.000,  7.806,     8
13.924, -1.696,   none, 3D,  0.000,  0.000,  7.888,     8
14.006, -1.579,   none, 3D,  0.000,  0.000,  7.970,     8
14.088, -1.402,   none, 3D,  0.000,  0.000,  8.052,     8
14.170, -1.178,   none, 3D,  0.000,  0.000,  8.134,     8
14.252, -0.920,   none, 3D,  0.000,  0.000,  8.217,     8
14.335, -0.637,   none, 3D,  0.000,  0.000,  8.299,     8
14.417, -0.337,   none, 3D,  0.000,  0.000,  8.381,     8
14.499, -0.029,   none, 3D,  0.000,  0.000,  8.463,     8
14.581,  0.279,   none, 3D,  0.000,  0.000,  8.545,     8
14.663,  0.581,   none, 3D,  0.000,  0.000,  8.627,     8
14.766,  0.913,   none, 3D,  0.031,  0.053,  8.710,     8
14.868,  1.285,   none, 3D,  0.000,  0.106,  8.792,     8
14.971,  1.739,   none, 3D,  0.031,  0.159,  8.874,     8
15.073,  2.249,   none, 3D,  0.000,  0.212,  8.956,     8
15.176,  2.832,   none, 3D,  0.031,  0.265,  9.038,     8
15.278,  3.458,   none, 3D,  0.000,  0.318,  9.120,     8
15.380,  4.122,   none, 3D,  0.031,  0.371,  9.203,     8
15.483,  4.787,   none, 3D,  0.000,  0.424,  9.285,     8
15.585,  5.441,   none, 3D,  0.031,  0.477,  9.367,     8
15.688,  6.046,   none, 3D,  0.000,  0.530,  9.449,     8
15.790,  6.602,   none, 3D,  0.031,  0.583,  9.531,     8
15.893,  7.076,   none, 3D,  0.000,  0.636,  9.613,     8
15.995,  7.483,   none, 3D,  0.031,  0.689,  9.696,     8
16.056,  7.792,   none, 3D,  0.000,  0.742,  9.696,     8
16.159,  7.950,   none, 3D,  0.031,  0.795,  9.778,     8
16.261,  7.993, saddle, 3D,  0.000,  0.848,  0.000,     8
16.364,  7.946,   none, 3D,  0.031,  0.901,  0.082,     8
16.466,  7.785,   none, 3D,  0.000,  0.954,  0.164,     8
16.528,  7.470,   none, 3D,  0.031,  1.007,  0.164,     8
16.630,  7.060,   none, 3D,  0.000,  1.060,  0.246,     8
16.732,  6.582,   none, 3D,  0.031,  1.113,  0.329,     8
16.835,  6.024,   none, 3D,  0.000,  1.166,  0.411,     8
16.937,  5.416,   none, 3D,  0.031,  1.219,  0.493,     8
17.040,  4.761,   none, 3D,  0.000,  1.272,  0.575,     8
17.142,  4.096,   none, 3D,  0.031,  1.325,  0.657,     8
17.245,  3.432,   none, 3D,  0.000,  1.378,  0.739,     8
17.347,  2.808,   none, 3D,  0.031,  1.431,  0.822,     8
17.450,  2.228,   none, 3D,  0.000,  1.484,  0.904,     8
17.552,  1.722,   none, 3D,  0.031,  1.538,  0.986,     8
17.655,  1.274,   none, 3D,  0.000,  1.591,  1.068,     8
17.757,  0.906,   none, 3D,  0.031,  1.644,  1.150,     8
17.860,  0.581,   none, 3D,  0.000,  1.697,  1.232,     8
17.942,  0.284,   none, 3D,  0.000,  1.697,  1.315,     8
18.024, -0.018,   none, 3D,  0.000,  1.697,  1.397,     8
18.106, -0.321,   none, 3D,  0.000,  1.697,  1.479,     8
18.188, -0.619,   none, 3D,  0.000,  1.697,  1.561,     8
18.270, -0.906,   none, 3D,  0.000,  1.697,  1.643,     8
18.353, -1.175,   none, 3D,  0.000,  1.697,  1.725,     8
18.435, -1.421,   none, 3D,  0.000,  1.697,  1.808,     8
18.517, -1.641,   none, 3D,  0.000,  1.697,  1.890,     8
18.599, -1.830,   none, 3D,  0.000,  1.697,  1.972,     8
18.681, -1.988,   none, 3D,  0.000,  1.697,  2.054,     8
18.763, -2.114,   none, 3D,  0.000,  1.697,  2.136,     8
18.846, -2.205,   none, 3D,  0.000,  1.697,  2.218,     8
18.928, -2.263,   none, 3D,  0.000,  1.697,  2.301,     8
20.719, -1.736,  Li_i1, 0D,  0.000,  0.000,  2.876,     4
20.780, -1.729,   none, 0D, -1.439,  2.492,  2.876,     4
20.886, -1.696,   none, 0D, -1.347,  2.439,  2.876,     4
20.992, -1.643,   none, 0D, -1.255,  2.386,  2.876,     4
21.127, -1.608,   none, 0D, -1.163,  2.333,  2.794,     4
21.233, -1.585,   none, 0D, -1.071,  2.280,  2.794,     4
21.367, -1.582, saddle, 0D, -0.980,  2.227,  2.711,     4
21.489, -1.621,   none, 0D, -0.857,  2.227,  2.711,     4
21.623, -1.675,   none, 0D, -0.765,  2.174,  2.629,     4
21.729, -1.766,   none, 0D, -0.673,  2.121,  2.629,     4
21.864, -1.859,   none, 0D, -0.582,  2.068,  2.547,     4
21.970, -1.967,   none, 0D, -0.490,  2.015,  2.547,     4
22.104, -2.062,   none, 0D, -0.398,  1.962,  2.465,     4
22.210, -2.151,   none, 0D, -0.306,  1.909,  2.465,     4
22.316, -2.213,   none, 0D, -0.214,  1.856,  2.465,     4
22.450, -2.261,   none, 0D, -0.122,  1.803,  2.383,     4
22.556, -2.283,   none, 0D, -0.031,  1.750,  2.383,     4
22.617, -2.287,    Li1, 0D,  0.000,  1.697,  2.383,     3
22.678, -2.283,   none, 0D, -0.061,  1.697,  2.383,     3
22.784, -2.261,   none, 0D, -0.153,  1.750,  2.383,     3
22.919, -2.213,   none, 0D, -0.245,  1.803,  2.465,     3
23.025, -2.151,   none, 0D, -0.337,  1.856,  2.465,     3
23.131, -2.062,   none, 0D, -0.429,  1.909,  2.465,     3
23.265, -1.967,   none, 0D, -0.520,  1.962,  2.547,     3
23.371, -1.859,   none, 0D, -0.612,  2.015,  2.547,     3
23.505, -1.766,   none, 0D, -0.704,  2.068,  2.629,     3
23.611, -1.675,   none, 0D, -0.796,  2.121,  2.629,     3
23.745, -1.621,   none, 0D, -0.888,  2.174,  2.711,     3
23.851, -1.582, saddle, 0D, -0.980,  2.227,  2.711,     3
23.985, -1.585,   none, 0D, -1.071,  2.280,  2.794,     3
24.091, -1.608,   none, 0D, -1.163,  2.333,  2.794,     3
24.226, -1.643,   none, 0D, -1.255,  2.386,  2.876,     3
24.332, -1.696,   none, 0D, -1.347,  2.439,  2.876,     3
24.438, -1.729,   none, 0D, -1.439,  2.492,  2.876,     3
