r_coor, energy,   site, dn,      x,      y,      z, index
 3.516,  3.941,  Li_i1, 1D,  0.000,  3.356,  1.048,     2
 3.603,  3.990,   none, 1D,  0.000,  3.356,  1.135,     2
 3.691,  4.135,   none, 1D,  0.000,  3.356,  1.222,     2
 3.778,  4.369,   none, 1D,  0.000,  3.356,  1.309,     2
 3.865,  4.678,   none, 1D,  0.000,  3.356,  1.397,     2
 3.953,  5.044,   none, 1D,  0.000,  3.356,  1.484,     2
 4.040,  5.446,   none, 1D,  0.000,  3.356,  1.571,     2
 4.127,  5.855,   none, 1D,  0.000,  3.356,  1.659,     2
 4.214,  6.245,   none, 1D,  0.000,  3.356,  1.746,     2
 4.302,  6.585,   none, 1D,  0.000,  3.356,  1.833,     2
 4.389,  6.850,   none, 1D,  0.000,  3.356,  1.920,     2
 4.476,  7.018,   none, 1D,  0.000,  3.356,  2.008,     2
 4.564,  7.076, saddle, 1D,  0.000,  3.356,  2.095,     2
 4.651,  7.018,   none, 1D,  0.000,  3.356,  2.182,     2
 4.738,  6.850,   none, 1D,  0.000,  3.356,  2.270,     2
 4.826,  6.585,   none, 1D,  0.000,  3.356,  2.357,     2
 4.913,  6.245,   none, 1D,  0.000,  3.356,  2.444,     2
 5.000,  5.855,   none, 1D,  0.000,  3.356,  2.532,     2
 5.087,  5.446,   none, 1D,  0.000,  3.356,  2.619,     2
 5.175,  5.044,   none, 1D,  0.000,  3.356,  2.706,     2
 5.262,  4.678,   none, 1D,  0.000,  3.356,  2.793,     2
 5.349,  4.369,   none, 1D,  0.000,  3.356,  2.881,     2
 5.437,  4.135,   none, 1D,  0.000,  3.356,  2.968,     2
 5.524,  3.990,   none, 1D,  0.000,  3.356,  3.055,     2
 5.611,  3.941,  Li_i1, 1D,  0.000,  3.356,  3.143,     0
 5.698,  3.990,   none, 1D,  0.000,  3.356,  3.230,     0
 5.786,  4.135,   none, 1D,  0.000,  3.356,  3.317,     0
 5.873,  4.369,   none, 1D,  0.000,  3.356,  3.404,     0
 5.960,  4.678,   none, 1D,  0.000,  3.356,  3.492,     0
 6.048,  5.044,   none, 1D,  0.000,  3.356,  3.579,     0
 6.135,  5.446,   none, 1D,  0.000,  3.356,  3.666,     0
 6.222,  5.855,   none, 1D,  0.000,  3.356,  3.754,     0
 6.310,  6.245,   none, 1D,  0.000,  3.356,  3.841,     0
 6.397,  6.585,   none, 1D,  0.000,  3.356,  3.928,     0
 6.484,  6.850,   none, 1D,  0.000,  3.356,  4.016,     0
 6.571,  7.018,   none, 1D,  0.000,  3.356,  4.103,     0
 6.659,  7.076, saddle, 1D,  0.000,  3.356,  0.000,     0
 6.746,  7.018,   none, 1D,  0.000,  3.356,  0.087,     0
 6.833,  6.850,   none, 1D,  0.000,  3.356,  0.175,     0
 6.921,  6.585,   none, 1D,  0.000,  3.356,  0.262,     0
 7.008,  6.245,   none, 1D,  0.000,  3.356,  0.349,     0
 7.095,  5.855,   none, 1D,  0.000,  3.356,  0.436,     0
 7.182,  5.446,   none, 1D,  0.000,  3.356,  0.524,     0
 7.270,  5.044,   none, 1D,  0.000,  3.356,  0.611,     0
 7.357,  4.678,   none, 1D,  0.000,  3.356,  0.698,     0
 7.444,  4.369,   none, 1D,  0.000,  3.356,  0.786,     0
 7.532,  4.135,   none, 1D,  0.000,  3.356,  0.873,     0
 7.619,  3.990,   none, 1D,  0.000,  3.356,  0.960,     0
12.367,  3.941,  Li_i1, 2D,  3.356,  0.000,  1.048,    36
12.460,  3.998,   none, 2D,  3.450,  0.000,  1.048,    36
12.553,  4.168,   none, 2D,  3.543,  0.000,  1.048,    36
12.646,  4.447,   none, 2D,  3.636,  0.000,  1.048,    36
12.739,  4.828,   none, 2D,  3.729,  0.000,  1.048,    36
12.871,  5.247,   none, 2D,  3.823,  0.093,  1.048,    36
12.965,  5.711,   none, 2D,  3.916,  0.093,  1.048,    36
13.096,  6.179,   none, 2D,  4.009,  0.186,  1.048,    36
13.190,  6.555,   none, 2D,  4.102,  0.186,  1.048,    36
13.348,  6.875,   none, 2D,  4.196,  0.280,  0.960,    36
13.475,  7.025, saddle, 2D,  4.289,  0.280,  1.048,    36
13.634,  6.981,   none, 2D,  4.382,  0.373,  0.960,    36
13.727,  6.811,   none, 2D,  4.475,  0.373,  0.960,    36
13.859,  6.483,   none, 2D,  4.569,  0.466,  0.960,    36
13.952,  6.027,   none, 2D,  4.662,  0.466,  0.960,    36
14.110,  5.501,   none, 2D,  4.755,  0.559,  0.873,    36
14.203,  4.914,   none, 2D,  4.848,  0.559,  0.873,    36
14.297,  4.334,   none, 2D,  4.941,  0.559,  0.873,    36
14.390,  3.780,   none, 2D,  5.035,  0.559,  0.873,    36
14.483,  3.266,   none, 2D,  5.128,  0.559,  0.873,    36
14.576,  2.804,   none, 2D,  5.221,  0.559,  0.873,    36
14.704,  2.387,   none, 2D,  5.314,  0.559,  0.786,    36
14.797,  2.012,   none, 2D,  5.408,  0.559,  0.786,    36
14.955,  1.650,   none, 2D,  5.501,  0.466,  0.698,    36
15.083,  1.272,   none, 2D,  5.594,  0.466,  0.611,    36
15.241,  0.901,   none, 2D,  5.687,  0.373,  0.524,    36
15.369,  0.488,   none, 2D,  5.781,  0.373,  0.436,    36
15.527,  0.084,   none, 2D,  5.874,  0.280,  0.349,    36
15.655, -0.320,   none, 2D,  5.967,  0.280,  0.262,    36
15.813, -0.692,   none, 2D,  6.060,  0.186,  0.175,    36
15.941, -1.005,   none, 2D,  6.154,  0.186,  0.087,    36
16.099, -1.257,   none, 2D,  6.247,  0.093,  0.000,    36
16.192, -1.432,   none, 2D,  6.340,  0.093,  0.000,    36
16.324, -1.562,   none, 2D,  6.433,  0.000,  0.000,    36
16.417, -1.646,   none, 2D,  6.526,  0.000,  0.000,    36
16.510, -1.693,   none, 2D,  6.620,  0.000,  0.000,    36
16.604, -1.708,    Li1, 2D,  0.000,  0.000,  0.000,    20
16.697, -1.693,   none, 2D,  0.093,  0.000,  0.000,    20
16.790, -1.646,   none, 2D,  0.186,  0.000,  0.000,    20
16.883, -1.562,   none, 2D,  0.280,  0.000,  0.000,    20
17.015, -1.432,   none, 2D,  0.373,  6.620,  0.000,    20
17.108, -1.257,   none, 2D,  0.466,  6.620,  0.000,    20
17.266, -1.005,   none, 2D,  0.559,  6.526,  0.087,    20
17.394, -0.692,   none, 2D,  0.653,  6.526,  0.175,    20
17.552, -0.320,   none, 2D,  0.746,  6.433,  0.262,    20
17.680,  0.084,   none, 2D,  0.839,  6.433,  0.349,    20
17.838,  0.488,   none, 2D,  0.932,  6.340,  0.436,    20
17.966,  0.901,   none, 2D,  1.026,  6.340,  0.524,    20
18.124,  1.272,   none, 2D,  1.119,  6.247,  0.611,    20
18.252,  1.650,   none, 2D,  1.212,  6.247,  0.698,    20
18.410,  2.012,   none, 2D,  1.305,  6.154,  0.786,    20
18.503,  2.387,   none, 2D,  1.399,  6.154,  0.786,    20
18.631,  2.804,   none, 2D,  1.492,  6.154,  0.873,    20
18.724,  3.266,   none, 2D,  1.585,  6.154,  0.873,    20
18.817,  3.780,   none, 2D,  1.678,  6.154,  0.873,    20
18.911,  4.334,   none, 2D,  1.771,  6.154,  0.873,    20
19.004,  4.914,   none, 2D,  1.865,  6.154,  0.873,    20
19.097,  5.501,   none, 2D,  1.958,  6.154,  0.873,    20
19.255,  6.027,   none, 2D,  2.051,  6.247,  0.960,    20
19.348,  6.483,   none, 2D,  2.144,  6.247,  0.960,    20
19.480,  6.811,   none, 2D,  2.238,  6.340,  0.960,    20
19.574,  6.981,   none, 2D,  2.331,  6.340,  0.960,    20
19.732,  7.025, saddle, 2D,  2.424,  6.433,  1.048,    20
19.859,  6.875,   none, 2D,  2.517,  6.433,  0.960,    20
20.017,  6.555,   none, 2D,  2.611,  6.526,  1.048,    20
20.111,  6.179,   none, 2D,  2.704,  6.526,  1.048,    20
20.243,  5.711,   none, 2D,  2.797,  6.620,  1.048,    20
20.336,  5.247,   none, 2D,  2.890,  6.620,  1.048,    20
20.468,  4.828,   none, 2D,  2.984,  0.000,  1.048,    20
20.561,  4.447,   none, 2D,  3.077,  0.000,  1.048,    20
20.654,  4.168,   none, 2D,  3.170,  0.000,  1.048,    20
20.747,  3.998,   none, 2D,  3.263,  0.000,  1.048,    20
25.876,  3.941,  Li_i1, 2D,  0.000,  3.356,  3.143,    54
25.969,  3.998,   none, 2D,  0.000,  3.450,  3.143,    54
26.063,  4.168,   none, 2D,  0.000,  3.543,  3.143,    54
26.156,  4.447,   none, 2D,  0.000,  3.636,  3.143,    54
26.249,  4.828,   none, 2D,  0.000,  3.729,  3.143,    54
26.381,  5.247,   none, 2D,  6.620,  3.823,  3.143,    54
26.474,  5.711,   none, 2D,  6.620,  3.916,  3.143,    54
26.606,  6.179,   none, 2D,  6.526,  4.009,  3.143,    54
26.699,  6.555,   none, 2D,  6.526,  4.102,  3.143,    54
26.857,  6.875,   none, 2D,  6.433,  4.196,  3.230,    54
26.985,  7.025, saddle, 2D,  6.433,  4.289,  3.143,    54
27.143,  6.981,   none, 2D,  6.340,  4.382,  3.230,    54
27.236,  6.811,   none, 2D,  6.340,  4.475,  3.230,    54
27.368,  6.483,   none, 2D,  6.247,  4.569,  3.230,    54
27.462,  6.027,   none, 2D,  6.247,  4.662,  3.230,    54
27.620,  5.501,   none, 2D,  6.154,  4.755,  3.317,    54
27.713,  4.914,   none, 2D,  6.154,  4.848,  3.317,    54
27.806,  4.334,   none, 2D,  6.154,  4.941,  3.317,    54
27.899,  3.780,   none, 2D,  6.154,  5.035,  3.317,    54
27.993,  3.266,   none, 2D,  6.154,  5.128,  3.317,    54
28.086,  2.804,   none, 2D,  6.154,  5.221,  3.317,    54
28.214,  2.387,   none, 2D,  6.154,  5.314,  3.404,    54
28.307,  2.012,   none, 2D,  6.154,  5.408,  3.404,    54
28.465,  1.650,   none, 2D,  6.247,  5.501,  3.492,    54
28.593,  1.272,   none, 2D,  6.247,  5.594,  3.579,    54
28.751,  0.901,   none, 2D,  6.340,  5.687,  3.666,    54
28.879,  0.488,   none, 2D,  6.340,  5.781,  3.754,    54
29.037,  0.084,   none, 2D,  6.433,  5.874,  3.841,    54
29.164, -0.320,   none, 2D,  6.433,  5.967,  3.928,    54
29.323, -0.692,   none, 2D,  6.526,  6.060,  4.016,    54
29.450, -1.005,   none, 2D,  6.526,  6.154,  4.103,    54
29.608, -1.257,   none, 2D,  6.620,  6.247,  0.000,    54
29.702, -1.432,   none, 2D,  6.620,  6.340,  0.000,    54
29.833, -1.562,   none, 2D,  0.000,  6.433,  0.000,    54
29.927, -1.646,   none, 2D,  0.000,  6.526,  0.000,    54
30.020, -1.693,   none, 2D,  0.000,  6.620,  0.000,    54
30.113, -1.708,    Li1, 2D,  0.000,  0.000,  0.000,     7
30.206, -1.693,   none, 2D,  0.000,  0.093,  0.000,     7
30.300, -1.646,   none, 2D,  0.000,  0.186,  0.000,     7
30.393, -1.562,   none, 2D,  0.000,  0.280,  0.000,     7
30.525, -1.432,   none, 2D,  0.093,  0.373,  0.000,     7
30.618, -1.257,   none, 2D,  0.093,  0.466,  0.000,     7
30.776, -1.005,   none, 2D,  0.186,  0.559,  4.103,     7
30.904, -0.692,   none, 2D,  0.186,  0.653,  4.016,     7
31.062, -0.320,   none, 2D,  0.280,  0.746,  3.928,     7
31.190,  0.084,   none, 2D,  0.280,  0.839,  3.841,     7
31.348,  0.488,   none, 2D,  0.373,  0.932,  3.754,     7
31.476,  0.901,   none, 2D,  0.373,  1.026,  3.666,     7
31.634,  1.272,   none, 2D,  0.466,  1.119,  3.579,     7
31.761,  1.650,   none, 2D,  0.466,  1.212,  3.492,     7
31.920,  2.012,   none, 2D,  0.559,  1.305,  3.404,     7
32.013,  2.387,   none, 2D,  0.559,  1.399,  3.404,     7
32.140,  2.804,   none, 2D,  0.559,  1.492,  3.317,     7
32.234,  3.266,   none, 2D,  0.559,  1.585,  3.317,     7
32.327,  3.780,   none, 2D,  0.559,  1.678,  3.317,     7
32.420,  4.334,   none, 2D,  0.559,  1.771,  3.317,     7
32.513,  4.914,   none, 2D,  0.559,  1.865,  3.317,     7
32.607,  5.501,   none, 2D,  0.559,  1.958,  3.317,     7
32.765,  6.027,   none, 2D,  0.466,  2.051,  3.230,     7
32.858,  6.483,   none, 2D,  0.466,  2.144,  3.230,     7
32.990,  6.811,   none, 2D,  0.373,  2.238,  3.230,     7
33.083,  6.981,   none, 2D,  0.373,  2.331,  3.230,     7
33.241,  7.025, saddle, 2D,  0.280,  2.424,  3.143,     7
33.369,  6.875,   none, 2D,  0.280,  2.517,  3.230,     7
33.527,  6.555,   none, 2D,  0.186,  2.611,  3.143,     7
33.620,  6.179,   none, 2D,  0.186,  2.704,  3.143,     7
33.752,  5.711,   none, 2D,  0.093,  2.797,  3.143,     7
33.845,  5.247,   none, 2D,  0.093,  2.890,  3.143,     7
33.977,  4.828,   none, 2D,  0.000,  2.984,  3.143,     7
34.070,  4.447,   none, 2D,  0.000,  3.077,  3.143,     7
34.164,  4.168,   none, 2D,  0.000,  3.170,  3.143,     7
34.257,  3.998,   none, 2D,  0.000,  3.263,  3.143,     7
37.684, -1.708,    Li1, 0D,  0.000,  0.000,  0.000,    14
37.777, -1.693,   none, 0D,  0.000,  0.093,  0.000,    14
37.905, -1.627,   none, 0D,  0.000,  0.186,  4.103,    14
38.063, -1.480,   none, 0D,  0.093,  0.280,  4.016,    14
38.221, -1.237,   none, 0D,  0.186,  0.373,  3.928,    14
38.380, -0.901,   none, 0D,  0.280,  0.466,  3.841,    14
38.538, -0.473,   none, 0D,  0.373,  0.559,  3.754,    14
38.696,  0.037,   none, 0D,  0.466,  0.653,  3.666,    14
38.854,  0.611,   none, 0D,  0.559,  0.746,  3.579,    14
39.012,  1.228,   none, 0D,  0.653,  0.839,  3.492,    14
39.170,  1.860,   none, 0D,  0.746,  0.932,  3.404,    14
39.328,  2.488,   none, 0D,  0.839,  1.026,  3.317,    14
39.486,  3.114,   none, 0D,  0.932,  1.119,  3.230,    14
39.618,  3.758,   none, 0D,  1.026,  1.212,  3.230,    14
39.776,  4.404,   none, 0D,  1.119,  1.305,  3.143,    14
39.908,  5.067,   none, 0D,  1.212,  1.399,  3.143,    14
40.002,  5.702,   none, 0D,  1.305,  1.399,  3.143,    14
40.133,  6.246,   none, 0D,  1.399,  1.492,  3.143,    14
40.265,  6.691,   none, 0D,  1.492,  1.585,  3.143,    14
40.359,  6.983,   none, 0D,  1.585,  1.585,  3.143,    14
40.490,  7.059, saddle, 0D,  1.678,  1.678,  3.143,    14
40.622,  6.983,   none, 0D,  1.771,  1.771,  3.143,    14
40.715,  6.691,   none, 0D,  1.865,  1.771,  3.143,    14
40.847,  6.246,   none, 0D,  1.958,  1.865,  3.143,    14
40.979,  5.702,   none, 0D,  2.051,  1.958,  3.143,    14
41.072,  5.067,   none, 0D,  2.144,  1.958,  3.143,    14
41.204,  4.404,   none, 0D,  2.238,  2.051,  3.143,    14
41.362,  3.758,   none, 0D,  2.331,  2.144,  3.055,    14
41.494,  3.114,   none, 0D,  2.424,  2.238,  3.055,    14
41.652,  2.488,   none, 0D,  2.517,  2.331,  2.968,    14
41.811,  1.860,   none, 0D,  2.611,  2.424,  2.881,    14
41.969,  1.228,   none, 0D,  2.704,  2.517,  2.793,    14
42.127,  0.611,   none, 0D,  2.797,  2.611,  2.706,    14
42.285,  0.037,   none, 0D,  2.890,  2.704,  2.619,    14
42.443, -0.473,   none, 0D,  2.984,  2.797,  2.532,    14
42.601, -0.901,   none, 0D,  3.077,  2.890,  2.444,    14
42.759, -1.237,   none, 0D,  3.170,  2.984,  2.357,    14
42.917, -1.480,   none, 0D,  3.263,  3.077,  2.270,    14
43.076, -1.627,   none, 0D,  3.356,  3.170,  2.182,    14
43.203, -1.693,   none, 0D,  3.356,  3.263,  2.095,    14
43.297, -1.708,    Li1, 0D,  3.356,  3.356,  2.095,    11
43.390, -1.693,   none, 0D,  3.263,  3.356,  2.095,    11
43.483, -1.646,   none, 0D,  3.170,  3.356,  2.095,    11
43.576, -1.562,   none, 0D,  3.077,  3.356,  2.095,    11
43.708, -1.432,   none, 0D,  2.984,  3.450,  2.095,    11
43.801, -1.257,   none, 0D,  2.890,  3.450,  2.095,    11
43.959, -1.005,   none, 0D,  2.797,  3.543,  2.182,    11
44.087, -0.692,   none, 0D,  2.704,  3.543,  2.270,    11
44.245, -0.320,   none, 0D,  2.611,  3.636,  2.357,    11
44.373,  0.084,   none, 0D,  2.517,  3.636,  2.444,    11
44.531,  0.488,   none, 0D,  2.424,  3.729,  2.532,    11
44.659,  0.901,   none, 0D,  2.331,  3.729,  2.619,    11
44.817,  1.272,   none, 0D,  2.238,  3.823,  2.706,    11
44.945,  1.650,   none, 0D,  2.144,  3.823,  2.793,    11
45.103,  2.012,   none, 0D,  2.051,  3.916,  2.881,    11
45.196,  2.387,   none, 0D,  1.958,  3.916,  2.881,    11
45.324,  2.804,   none, 0D,  1.865,  3.916,  2.968,    11
45.417,  3.266,   none, 0D,  1.771,  3.916,  2.968,    11
45.510,  3.780,   none, 0D,  1.678,  3.916,  2.968,    11
45.604,  4.334,   none, 0D,  1.585,  3.916,  2.968,    11
45.697,  4.914,   none, 0D,  1.492,  3.916,  2.968,    11
45.790,  5.501,   none, 0D,  1.399,  3.916,  2.968,    11
45.948,  6.027,   none, 0D,  1.305,  3.823,  3.055,    11
46.041,  6.483,   none, 0D,  1.212,  3.823,  3.055,    11
46.173,  6.811,   none, 0D,  1.119,  3.729,  3.055,    11
46.266,  6.981,   none, 0D,  1.026,  3.729,  3.055,    11
46.425,  7.025, saddle, 0D,  0.932,  3.636,  3.143,    11
46.552,  6.875,   none, 0D,  0.839,  3.636,  3.055,    11
46.710,  6.555,   none, 0D,  0.746,  3.543,  3.143,    11
46.804,  6.179,   none, 0D,  0.653,  3.543,  3.143,    11
46.936,  5.711,   none, 0D,  0.559,  3.450,  3.143,    11
47.029,  5.247,   none, 0D,  0.466,  3.450,  3.143,    11
47.161,  4.828,   none, 0D,  0.373,  3.356,  3.143,    11
47.254,  4.447,   none, 0D,  0.280,  3.356,  3.143,    11
47.347,  4.168,   none, 0D,  0.186,  3.356,  3.143,    11
47.440,  3.998,   none, 0D,  0.093,  3.356,  3.143,    11
47.534,  3.941,  Li_i1, 0D,  0.000,  3.356,  3.143,     6
47.627,  3.998,   none, 0D,  0.000,  3.263,  3.143,     6
47.720,  4.168,   none, 0D,  0.000,  3.170,  3.143,     6
47.813,  4.447,   none, 0D,  0.000,  3.077,  3.143,     6
47.907,  4.828,   none, 0D,  0.000,  2.984,  3.143,     6
48.038,  5.247,   none, 0D,  0.093,  2.890,  3.143,     6
48.132,  5.711,   none, 0D,  0.093,  2.797,  3.143,     6
48.263,  6.179,   none, 0D,  0.186,  2.704,  3.143,     6
48.357,  6.555,   none, 0D,  0.186,  2.611,  3.143,     6
48.515,  6.875,   none, 0D,  0.280,  2.517,  3.230,     6
48.643,  7.025, saddle, 0D,  0.280,  2.424,  3.143,     6
48.801,  6.981,   none, 0D,  0.373,  2.331,  3.230,     6
48.894,  6.811,   none, 0D,  0.373,  2.238,  3.230,     6
49.026,  6.483,   none, 0D,  0.466,  2.144,  3.230,     6
49.119,  6.027,   none, 0D,  0.466,  2.051,  3.230,     6
49.277,  5.501,   none, 0D,  0.559,  1.958,  3.317,     6
49.370,  4.914,   none, 0D,  0.559,  1.865,  3.317,     6
49.464,  4.334,   none, 0D,  0.559,  1.771,  3.317,     6
49.557,  3.780,   none, 0D,  0.559,  1.678,  3.317,     6
49.650,  3.266,   none, 0D,  0.559,  1.585,  3.317,     6
49.743,  2.804,   none, 0D,  0.559,  1.492,  3.317,     6
49.871,  2.387,   none, 0D,  0.559,  1.399,  3.404,     6
49.964,  2.012,   none, 0D,  0.559,  1.305,  3.404,     6
50.122,  1.650,   none, 0D,  0.466,  1.212,  3.492,     6
50.250,  1.272,   none, 0D,  0.466,  1.119,  3.579,     6
50.408,  0.901,   none, 0D,  0.373,  1.026,  3.666,     6
50.536,  0.488,   none, 0D,  0.373,  0.932,  3.754,     6
50.694,  0.084,   none, 0D,  0.280,  0.839,  3.841,     6
50.822, -0.320,   none, 0D,  0.280,  0.746,  3.928,     6
50.980, -0.692,   none, 0D,  0.186,  0.653,  4.016,     6
51.108, -1.005,   none, 0D,  0.186,  0.559,  4.103,     6
51.266, -1.257,   none, 0D,  0.093,  0.466,  0.000,     6
51.359, -1.432,   none, 0D,  0.093,  0.373,  0.000,     6
51.491, -1.562,   none, 0D,  0.000,  0.280,  0.000,     6
51.584, -1.646,   none, 0D,  0.000,  0.186,  0.000,     6
51.677, -1.693,   none, 0D,  0.000,  0.093,  0.000,     6
