r_coor, energy,   site, dn,      x,      y,      z, index
 3.056, -2.109,    Li1, 1D, -1.158,  1.436,  2.437,    10
 3.132, -2.103,   none, 1D, -1.081,  1.436,  2.437,    10
 3.208, -2.087,   none, 1D, -1.005,  1.436,  2.437,    10
 3.285, -2.060,   none, 1D, -0.929,  1.436,  2.437,    10
 3.361, -2.022,   none, 1D, -0.853,  1.436,  2.437,    10
 3.437, -1.971,   none, 1D, -0.777,  1.436,  2.437,    10
 3.513, -1.908,   none, 1D, -0.700,  1.436,  2.437,    10
 3.594, -1.834,   none, 1D, -0.656,  1.436,  2.504,    10
 3.670, -1.756,   none, 1D, -0.580,  1.436,  2.504,    10
 3.747, -1.666,   none, 1D, -0.504,  1.436,  2.504,    10
 3.823, -1.564,   none, 1D, -0.428,  1.436,  2.504,    10
 3.904, -1.462,   none, 1D, -0.383,  1.436,  2.572,    10
 3.980, -1.363,   none, 1D, -0.307,  1.436,  2.572,    10
 4.056, -1.256,   none, 1D, -0.231,  1.436,  2.572,    10
 4.137, -1.146,   none, 1D, -0.187,  1.436,  2.640,    10
 4.213, -1.061,   none, 1D, -0.111,  1.436,  2.640,    10
 4.289, -0.975,   none, 1D, -0.034,  1.436,  2.640,    10
 4.366, -0.890,   none, 1D,  0.042,  1.436,  2.640,    10
 4.446, -0.826,   none, 1D,  0.086,  1.436,  2.707,    10
 4.523, -0.783,   none, 1D,  0.162,  1.436,  2.707,    10
 4.599, -0.747,   none, 1D,  0.238,  1.436,  2.707,    10
 4.675, -0.718,   none, 1D,  0.315,  1.436,  2.707,    10
 4.756, -0.706, saddle, 1D,  0.359,  1.436,  2.775,    10
 4.832, -0.719,   none, 1D,  0.435,  1.436,  2.775,    10
 4.908, -0.739,   none, 1D,  0.511,  1.436,  2.775,    10
 4.984, -0.762,   none, 1D,  0.587,  1.436,  2.775,    10
 5.061, -0.788,   none, 1D,  0.663,  1.436,  2.775,    10
 5.158, -0.813,   none, 1D,  0.740,  1.496,  2.775,    10
 5.254, -0.839,   none, 1D,  0.816,  1.556,  2.775,    10
 5.351, -0.865,   none, 1D,  0.892,  1.615,  2.775,    10
 5.448, -0.886,   none, 1D,  0.968,  1.675,  2.775,    10
 5.508, -0.917,   none, 1D,  0.968,  1.735,  2.775,    10
 5.649, -0.952,   none, 1D,  1.077,  1.795,  2.707,    10
 5.709, -1.014,   none, 1D,  1.077,  1.855,  2.707,    10
 5.769, -1.079,   none, 1D,  1.077,  1.915,  2.707,    10
 5.910, -1.144,   none, 1D,  1.185,  1.974,  2.640,    10
 5.970, -1.234,   none, 1D,  1.185,  2.034,  2.640,    10
 6.067, -1.322,   none, 1D,  1.261,  2.094,  2.640,    10
 6.208, -1.418,   none, 1D,  1.370,  2.154,  2.572,    10
 6.268, -1.519,   none, 1D,  1.370,  2.214,  2.572,    10
 6.409, -1.620,   none, 1D,  1.478,  2.273,  2.504,    10
 6.550, -1.716,   none, 1D,  1.587,  2.333,  2.437,    10
 6.610, -1.800,   none, 1D,  1.587,  2.393,  2.437,    10
 6.669, -1.875,   none, 1D,  1.587,  2.453,  2.437,    10
 6.729, -1.938,   none, 1D,  1.587,  2.513,  2.437,    10
 6.789, -1.991,   none, 1D,  1.587,  2.573,  2.437,    10
 6.849, -2.034,   none, 1D,  1.587,  2.632,  2.437,    10
 6.909, -2.067,   none, 1D,  1.587,  2.692,  2.437,    10
 6.969, -2.090,   none, 1D,  1.587,  2.752,  2.437,    10
 7.028, -2.104,   none, 1D,  1.587,  2.812,  2.437,    10
 7.088, -2.109,    Li1, 1D,  1.587,  0.000,  2.437,     1
 7.164, -2.103,   none, 1D,  1.510,  0.000,  2.437,     1
 7.241, -2.087,   none, 1D,  1.434,  0.000,  2.437,     1
 7.317, -2.060,   none, 1D,  1.358,  0.000,  2.437,     1
 7.393, -2.022,   none, 1D,  1.282,  0.000,  2.437,     1
 7.469, -1.971,   none, 1D,  1.205,  0.000,  2.437,     1
 7.546, -1.908,   none, 1D,  1.129,  0.000,  2.437,     1
 7.626, -1.834,   none, 1D,  1.085,  0.000,  2.369,     1
 7.703, -1.756,   none, 1D,  1.009,  0.000,  2.369,     1
 7.779, -1.666,   none, 1D,  0.933,  0.000,  2.369,     1
 7.855, -1.564,   none, 1D,  0.856,  0.000,  2.369,     1
 7.936, -1.462,   none, 1D,  0.812,  0.000,  2.301,     1
 8.012, -1.363,   none, 1D,  0.736,  0.000,  2.301,     1
 8.088, -1.256,   none, 1D,  0.660,  0.000,  2.301,     1
 8.169, -1.146,   none, 1D,  0.616,  0.000,  2.234,     1
 8.245, -1.061,   none, 1D,  0.540,  0.000,  2.234,     1
 8.322, -0.975,   none, 1D,  0.463,  0.000,  2.234,     1
 8.398, -0.890,   none, 1D,  0.387,  0.000,  2.234,     1
 8.479, -0.826,   none, 1D,  0.343,  0.000,  2.166,     1
 8.555, -0.783,   none, 1D,  0.267,  0.000,  2.166,     1
 8.631, -0.747,   none, 1D,  0.191,  0.000,  2.166,     1
 8.707, -0.718,   none, 1D,  0.114,  0.000,  2.166,     1
 8.788, -0.706, saddle, 1D,  0.070,  0.000,  2.098,     1
 8.864, -0.719,   none, 1D, -0.006,  0.000,  2.098,     1
 8.940, -0.739,   none, 1D, -0.082,  0.000,  2.098,     1
 9.017, -0.762,   none, 1D, -0.158,  0.000,  2.098,     1
 9.093, -0.788,   none, 1D, -0.235,  0.000,  2.098,     1
 9.190, -0.813,   none, 1D, -0.311,  0.060,  2.098,     1
 9.287, -0.839,   none, 1D, -0.387,  0.120,  2.098,     1
 9.384, -0.865,   none, 1D, -0.463,  0.179,  2.098,     1
 9.481, -0.886,   none, 1D, -0.540,  0.239,  2.098,     1
 9.540, -0.917,   none, 1D, -0.540,  0.299,  2.098,     1
 9.681, -0.952,   none, 1D, -0.648,  0.359,  2.166,     1
 9.741, -1.014,   none, 1D, -0.648,  0.419,  2.166,     1
 9.801, -1.079,   none, 1D, -0.648,  0.479,  2.166,     1
 9.942, -1.144,   none, 1D, -0.756,  0.538,  2.234,     1
10.002, -1.234,   none, 1D, -0.756,  0.598,  2.234,     1
10.099, -1.322,   none, 1D, -0.832,  0.658,  2.234,     1
10.240, -1.418,   none, 1D, -0.941,  0.718,  2.301,     1
10.300, -1.519,   none, 1D, -0.941,  0.778,  2.301,     1
10.441, -1.620,   none, 1D, -1.049,  0.838,  2.369,     1
10.582, -1.716,   none, 1D, -1.158,  0.897,  2.437,     1
10.642, -1.800,   none, 1D, -1.158,  0.957,  2.437,     1
10.702, -1.875,   none, 1D, -1.158,  1.017,  2.437,     1
10.762, -1.938,   none, 1D, -1.158,  1.077,  2.437,     1
10.821, -1.991,   none, 1D, -1.158,  1.137,  2.437,     1
10.881, -2.034,   none, 1D, -1.158,  1.197,  2.437,     1
10.941, -2.067,   none, 1D, -1.158,  1.256,  2.437,     1
11.001, -2.090,   none, 1D, -1.158,  1.316,  2.437,     1
11.061, -2.104,   none, 1D, -1.158,  1.376,  2.437,     1
11.120, -2.109,    Li1, 3D, -1.158,  1.436,  2.437,     2
11.195, -2.098,   none, 3D, -1.190,  1.436,  2.504,     2
11.270, -2.067,   none, 3D, -1.222,  1.436,  2.572,     2
11.345, -2.013,   none, 3D, -1.254,  1.436,  2.640,     2
11.420, -1.936,   none, 3D, -1.286,  1.436,  2.707,     2
11.501, -1.834,   none, 3D, -1.242,  1.436,  2.775,     2
11.576, -1.713,   none, 3D, -1.274,  1.436,  2.843,     2
11.651, -1.565,   none, 3D, -1.307,  1.436,  2.910,     2
11.732, -1.393,   none, 3D, -1.262,  1.436,  2.978,     2
11.807, -1.204,   none, 3D, -1.295,  1.436,  3.046,     2
11.882, -0.986,   none, 3D, -1.327,  1.436,  3.114,     2
11.962, -0.759,   none, 3D, -1.283,  1.436,  3.181,     2
12.037, -0.508,   none, 3D, -1.315,  1.436,  3.249,     2
12.118, -0.243,   none, 3D, -1.271,  1.436,  3.317,     2
12.193,  0.030,   none, 3D, -1.303,  1.436,  3.384,     2
12.274,  0.326,   none, 3D, -1.259,  1.436,  3.452,     2
12.349,  0.608,   none, 3D, -1.291,  1.436,  3.520,     2
12.424,  0.914,   none, 3D, -1.323,  1.436,  3.587,     2
12.504,  1.206,   none, 3D, -1.279,  1.436,  3.655,     2
12.579,  1.506,   none, 3D, -1.311,  1.436,  3.723,     2
12.660,  1.806,   none, 3D, -1.267,  1.436,  3.790,     2
12.735,  2.096,   none, 3D, -1.299,  1.436,  3.858,     2
12.816,  2.401,   none, 3D, -1.255,  1.436,  3.926,     2
12.891,  2.682,   none, 3D, -1.287,  1.436,  3.993,     2
12.966,  2.991,   none, 3D, -1.320,  1.436,  4.061,     2
13.066,  3.305,   none, 3D, -1.276,  1.376,  4.129,     2
13.162,  3.699,   none, 3D, -1.308,  1.316,  4.197,     2
13.263,  4.142,   none, 3D, -1.264,  1.256,  4.264,     2
13.358,  4.650,   none, 3D, -1.296,  1.197,  4.332,     2
13.459,  5.200,   none, 3D, -1.252,  1.137,  4.400,     2
13.559,  5.801,   none, 3D, -1.208,  1.077,  4.467,     2
13.660,  6.415,   none, 3D, -1.164,  1.017,  4.535,     2
13.760,  7.003,   none, 3D, -1.119,  0.957,  4.603,     2
13.861,  7.520,   none, 3D, -1.075,  0.897,  4.670,     2
13.962,  7.925,   none, 3D, -1.031,  0.838,  4.738,     2
14.062,  8.184,   none, 3D, -0.987,  0.778,  4.806,     2
14.163,  8.273, saddle, 3D,  1.372,  0.718,  0.000,     2
14.263,  8.184,   none, 3D,  1.416,  0.658,  0.068,     2
14.364,  7.925,   none, 3D,  1.460,  0.598,  0.135,     2
14.464,  7.520,   none, 3D,  1.504,  0.538,  0.203,     2
14.565,  7.003,   none, 3D,  1.548,  0.479,  0.271,     2
14.665,  6.415,   none, 3D,  1.592,  0.419,  0.338,     2
14.766,  5.801,   none, 3D,  1.637,  0.359,  0.406,     2
14.866,  5.200,   none, 3D,  1.681,  0.299,  0.474,     2
14.967,  4.650,   none, 3D,  1.725,  0.239,  0.541,     2
15.063,  4.142,   none, 3D,  1.693,  0.179,  0.609,     2
15.163,  3.699,   none, 3D,  1.737,  0.120,  0.677,     2
15.259,  3.305,   none, 3D,  1.704,  0.060,  0.745,     2
15.359,  2.991,   none, 3D,  1.748,  0.000,  0.812,     2
15.434,  2.682,   none, 3D,  1.716,  0.000,  0.880,     2
15.509,  2.401,   none, 3D,  1.684,  0.000,  0.948,     2
15.590,  2.096,   none, 3D,  1.728,  0.000,  1.015,     2
15.665,  1.806,   none, 3D,  1.696,  0.000,  1.083,     2
15.746,  1.506,   none, 3D,  1.740,  0.000,  1.151,     2
15.821,  1.206,   none, 3D,  1.708,  0.000,  1.218,     2
15.902,  0.914,   none, 3D,  1.752,  0.000,  1.286,     2
15.976,  0.608,   none, 3D,  1.720,  0.000,  1.354,     2
16.051,  0.326,   none, 3D,  1.688,  0.000,  1.421,     2
16.132,  0.030,   none, 3D,  1.732,  0.000,  1.489,     2
16.207, -0.243,   none, 3D,  1.700,  0.000,  1.557,     2
16.288, -0.508,   none, 3D,  1.744,  0.000,  1.624,     2
16.363, -0.759,   none, 3D,  1.712,  0.000,  1.692,     2
16.444, -0.986,   none, 3D,  1.756,  0.000,  1.760,     2
16.519, -1.204,   none, 3D,  1.724,  0.000,  1.828,     2
16.593, -1.393,   none, 3D,  1.691,  0.000,  1.895,     2
16.674, -1.565,   none, 3D,  1.735,  0.000,  1.963,     2
16.749, -1.713,   none, 3D,  1.703,  0.000,  2.031,     2
16.824, -1.834,   none, 3D,  1.671,  0.000,  2.098,     2
16.905, -1.936,   none, 3D,  1.715,  0.000,  2.166,     2
16.980, -2.013,   none, 3D,  1.683,  0.000,  2.234,     2
17.055, -2.067,   none, 3D,  1.651,  0.000,  2.301,     2
17.130, -2.098,   none, 3D,  1.619,  0.000,  2.369,     2
20.199, -2.109,    Li1, 0D, -1.158,  1.436,  2.437,     4
20.275, -2.103,   none, 0D, -1.081,  1.436,  2.437,     4
20.352, -2.087,   none, 0D, -1.005,  1.436,  2.437,     4
20.428, -2.060,   none, 0D, -0.929,  1.436,  2.437,     4
20.504, -2.022,   none, 0D, -0.853,  1.436,  2.437,     4
20.580, -1.971,   none, 0D, -0.777,  1.436,  2.437,     4
20.656, -1.908,   none, 0D, -0.700,  1.436,  2.437,     4
20.757, -1.827,   none, 0D, -0.656,  1.376,  2.504,     4
20.854, -1.724,   none, 0D, -0.580,  1.316,  2.504,     4
20.951, -1.592,   none, 0D, -0.504,  1.256,  2.504,     4
21.048, -1.432,   none, 0D, -0.428,  1.197,  2.504,     4
21.145, -1.246,   none, 0D, -0.351,  1.137,  2.504,     4
21.242, -1.040,   none, 0D, -0.275,  1.077,  2.504,     4
21.338, -0.825,   none, 0D, -0.199,  1.017,  2.504,     4
21.480, -0.622,   none, 0D, -0.090,  0.957,  2.437,     4
21.576, -0.448,   none, 0D, -0.014,  0.897,  2.437,     4
21.673, -0.311,   none, 0D,  0.062,  0.838,  2.437,     4
21.770, -0.224,   none, 0D,  0.138,  0.778,  2.437,     4
21.867, -0.194, saddle, 0D,  0.214,  0.718,  2.437,     4
21.964, -0.224,   none, 0D,  0.291,  0.658,  2.437,     4
22.061, -0.311,   none, 0D,  0.367,  0.598,  2.437,     4
22.158, -0.448,   none, 0D,  0.443,  0.538,  2.437,     4
22.255, -0.622,   none, 0D,  0.519,  0.479,  2.437,     4
22.396, -0.825,   none, 0D,  0.628,  0.419,  2.369,     4
22.493, -1.040,   none, 0D,  0.704,  0.359,  2.369,     4
22.590, -1.246,   none, 0D,  0.780,  0.299,  2.369,     4
22.687, -1.432,   none, 0D,  0.856,  0.239,  2.369,     4
22.783, -1.592,   none, 0D,  0.933,  0.179,  2.369,     4
22.880, -1.724,   none, 0D,  1.009,  0.120,  2.369,     4
22.977, -1.827,   none, 0D,  1.085,  0.060,  2.369,     4
23.078, -1.908,   none, 0D,  1.129,  0.000,  2.437,     4
23.154, -1.971,   none, 0D,  1.205,  0.000,  2.437,     4
23.230, -2.022,   none, 0D,  1.282,  0.000,  2.437,     4
23.306, -2.060,   none, 0D,  1.358,  0.000,  2.437,     4
23.383, -2.087,   none, 0D,  1.434,  0.000,  2.437,     4
23.459, -2.103,   none, 0D,  1.510,  0.000,  2.437,     4
23.535, -2.109,    Li1, 0D,  1.587,  0.000,  2.437,     1
23.611, -2.103,   none, 0D,  1.510,  0.000,  2.437,     1
23.688, -2.087,   none, 0D,  1.434,  0.000,  2.437,     1
23.764, -2.060,   none, 0D,  1.358,  0.000,  2.437,     1
23.840, -2.022,   none, 0D,  1.282,  0.000,  2.437,     1
23.916, -1.971,   none, 0D,  1.205,  0.000,  2.437,     1
23.992, -1.908,   none, 0D,  1.129,  0.000,  2.437,     1
24.073, -1.834,   none, 0D,  1.085,  0.000,  2.369,     1
24.149, -1.756,   none, 0D,  1.009,  0.000,  2.369,     1
24.226, -1.666,   none, 0D,  0.933,  0.000,  2.369,     1
24.302, -1.564,   none, 0D,  0.856,  0.000,  2.369,     1
24.383, -1.462,   none, 0D,  0.812,  0.000,  2.301,     1
24.459, -1.363,   none, 0D,  0.736,  0.000,  2.301,     1
24.535, -1.256,   none, 0D,  0.660,  0.000,  2.301,     1
24.616, -1.146,   none, 0D,  0.616,  0.000,  2.234,     1
24.692, -1.061,   none, 0D,  0.540,  0.000,  2.234,     1
24.768, -0.975,   none, 0D,  0.463,  0.000,  2.234,     1
24.845, -0.890,   none, 0D,  0.387,  0.000,  2.234,     1
24.925, -0.826,   none, 0D,  0.343,  0.000,  2.166,     1
25.002, -0.783,   none, 0D,  0.267,  0.000,  2.166,     1
25.078, -0.747,   none, 0D,  0.191,  0.000,  2.166,     1
25.154, -0.718,   none, 0D,  0.114,  0.000,  2.166,     1
25.235, -0.706, saddle, 0D,  0.070,  0.000,  2.098,     1
25.311, -0.719,   none, 0D, -0.006,  0.000,  2.098,     1
25.387, -0.739,   none, 0D, -0.082,  0.000,  2.098,     1
25.464, -0.762,   none, 0D, -0.158,  0.000,  2.098,     1
25.540, -0.788,   none, 0D, -0.235,  0.000,  2.098,     1
25.637, -0.813,   none, 0D, -0.311,  0.060,  2.098,     1
25.734, -0.839,   none, 0D, -0.387,  0.120,  2.098,     1
25.830, -0.865,   none, 0D, -0.463,  0.179,  2.098,     1
25.927, -0.886,   none, 0D, -0.540,  0.239,  2.098,     1
25.987, -0.917,   none, 0D, -0.540,  0.299,  2.098,     1
26.128, -0.952,   none, 0D, -0.648,  0.359,  2.166,     1
26.188, -1.014,   none, 0D, -0.648,  0.419,  2.166,     1
26.248, -1.079,   none, 0D, -0.648,  0.479,  2.166,     1
26.389, -1.144,   none, 0D, -0.756,  0.538,  2.234,     1
26.449, -1.234,   none, 0D, -0.756,  0.598,  2.234,     1
26.546, -1.322,   none, 0D, -0.832,  0.658,  2.234,     1
26.687, -1.418,   none, 0D, -0.941,  0.718,  2.301,     1
26.747, -1.519,   none, 0D, -0.941,  0.778,  2.301,     1
26.888, -1.620,   none, 0D, -1.049,  0.838,  2.369,     1
27.029, -1.716,   none, 0D, -1.158,  0.897,  2.437,     1
27.089, -1.800,   none, 0D, -1.158,  0.957,  2.437,     1
27.149, -1.875,   none, 0D, -1.158,  1.017,  2.437,     1
27.208, -1.938,   none, 0D, -1.158,  1.077,  2.437,     1
27.268, -1.991,   none, 0D, -1.158,  1.137,  2.437,     1
27.328, -2.034,   none, 0D, -1.158,  1.197,  2.437,     1
27.388, -2.067,   none, 0D, -1.158,  1.256,  2.437,     1
27.448, -2.090,   none, 0D, -1.158,  1.316,  2.437,     1
27.508, -2.104,   none, 0D, -1.158,  1.376,  2.437,     1
